48
0.0000 4726.6531 1204.3492 6362.5021 3656.9912 3129.5209 2413.5223 562.3042 462.0822 5653.5033 1712.3566 1603.5663 2367.1977 2200.3654 1289.4452 1003.8850 3832.6870 2257.5989 3418.9039 2266.9848 2956.0205 719.9569 1699.3134 5278.1566 2577.8848 6075.4662 3464.6785 2653.6829 3624.6459 3114.9210 1573.1577 3950.0665 1747.3592 2141.2382 6754.2350 2382.1150 3305.8959 1028.9048 3529.2883 824.3137 2187.0002 4819.3962 3488.9872 1946.9004 6834.3182 1541.7292 2378.5344 3743.0792
4726.6531 0.0000 3587.4232 2011.6622 1841.4008 6976.7707 6500.0028 5186.8669 5027.7082 2326.8352 4147.8236 4722.7434 3634.9175 3124.1424 4906.1110 3929.6510 7462.7850 6337.1004 7242.3318 5104.5558 4042.9421 4021.3709 3676.2399 2862.5864 3105.9330 1849.1566 7172.8770 6629.0048 1203.1841 6813.0887 6000.5854 3446.9072 5252.2203 2655.5544 3122.5848 6273.4031 7182.7617 5621.9247 3084.1145 4563.0110 2755.0688 1590.9023 7026.7012 6185.6784 3471.2080 5460.7477 4389.0555 2087.2767
1204.3492 3587.4232 0.0000 5162.0277 2457.8657 3677.3958 3070.3604 1741.9991 1443.5875 4461.9894 1183.6249 1519.9612 1497.1560 1102.7443 1500.8564 950.2389 4297.4598 2902.4438 3966.3844 2168.7944 2208.8988 651.6418 827.1185 4135.7991 1517.2782 4872.9610 3953.0558 3253.0555 2445.9830 3580.2804 2440.5643 2959.6260 1965.1506 949.2945 5563.6600 2915.0556 3877.7655 2034.5624 2481.9631 1026.9382 1394.8767 3616.9077 3890.7743 2685.2683 5660.2035 2022.9904 1866.1675 2559.9557
6362.5021 2011.6622 5162.0277 0.0000 2798.6729 8063.7174 7726.7852 6877.2687 6580.3454 1401.7079 5365.6047 5945.9876 4678.9864 4377.0032 6224.7795 5708.5918 8416.9917 7577.2503 8295.3894 6134.9328 4801.4069 5706.3439 4981.8757 2321.8200 4177.3433 319.8453 8185.6093 7799.9487 2777.3010 7858.0294 7407.9914 3762.9286 6460.5610 4222.1201 1426.0116 7450.7216 8262.9799 7130.3920 3668.3829 6010.9347 4637.2898 1680.8358 7986.7393 7501.6044 1876.1946 6757.8059 5359.9016 2843.7801
3656.9912 1841.4008 2457.8657 2798.6729 0.0000 5329.4720 4945.9342 4199.8649 3823.6026 2011.1999 2572.6329 3156.1195 1923.0902 1579.1710 3426.3313 3178.2464 5748.3425 4792.8401 5576.9831 3408.2273 2222.2570 3065.8632 2184.2923 1859.2542 1400.1104 2490.1191 5485.2852 5034.3073 893.0672 5140.4226 4610.5334 1668.9787 3676.9793 1589.8402 3112.0194 4681.2158 5532.7029 4351.5629 1251.3309 3226.5774 2425.5773 1168.4096 5312.0833 4705.5663 3240.7110 3961.7453 2650.9630 303.7845
3129.5209 6976.7707 3677.3958 8063.7174 5329.4720 0.0000 742.8250 3208.3873 2669.1626 6928.2968 2830.1067 2265.6977 3406.5026 3853.1734 2177.3254 4075.4781 726.0062 880.1932 292.5765 1929.2156 3309.3120 3671.5328 3314.1299 6198.3729 3931.8058 7744.8559 364.8698 481.6825 5773.9557 260.4611 1658.1972 4512.7794 1745.9522 4430.3047 7909.4114 768.5317 206.1189 2224.5116 4434.0745 2680.2795 5052.2523 6383.1955 549.6044 1223.0135 7804.1738 1669.6784 2703.8730 5229.9599
2413.5223 6500.0028 3070.3604 7726.7852 4945.9342 742.8250 0.0000 2467.2997 1951.4574 6672.5865 2379.7321 1794.3536 3050.4841 3404.8909 1603.1734 3381.3259 1468.4917 167.9196 1019.4754 1680.1649 3109.4226 2992.9952 2826.4876 6008.8476 3551.0551 7411.2417 1103.1469 266.9251 5299.6619 820.3298 915.4283 4347.4711 1269.0382 3889.9292 7697.5645 331.0498 899.0895 1483.0863 4184.0997 2048.1125 4414.2406 6050.7238 1218.7444 481.2744 7634.1711 1053.3209 2431.5238 4883.6028
562.3042 5186.8669 1741.9991 6877.2687 4199.8649 3208.3873 2467.2997 0.0000 717.8983 6202.3681 2240.4136 2050.4148 2919.8145 2761.6477 1686.6977 1303.7504 3931.2558 2330.3418 3486.4185 2668.5341 3486.2193 1174.6744 2259.1485 5839.0158 3140.1720 6595.2061 3562.8221 2727.0029 4119.9379 3239.1686 1558.3610 4506.6361 2081.5730 2657.9219 7303.7845 2511.0575 3363.9171 984.2281 4090.5601 1318.9864 2543.7736 5357.4623 3631.0310 1986.0456 7390.3646 1784.7658 2878.6281 4295.2113
462.0822 5027.7082 1443.5875 6580.3454 3823.6026 2669.1626 1951.4574 717.8983 0.0000 5788.3238 1601.4809 1342.5442 2329.6749 2290.9160 969.7448 1450.6333 3375.1696 1795.8622 2958.0061 1950.6358 2834.5160 1111.6807 1724.7638 5345.4655 2627.5940 6284.7729 3006.6601 2192.4108 3888.5064 2660.0295 1121.4566 3919.2868 1371.7609 2390.8302 6882.9635 1926.0675 2844.3973 610.6693 3542.1084 675.0030 2589.3231 4992.0116 3038.1113 1485.4753 6933.2694 1111.7306 2195.3355 3875.4192
5653.5033 2326.8352 4461.9894 1401.7079 2011.1999 6928.2968 6672.5865 6202.3681 5788.3238 0.0000 4391.4673 4946.1202 3647.9393 3500.0280 5273.2515 5182.1255 7215.6237 6534.3080 7139.6552 5021.0644 3620.2267 5076.5975 4089.1635 921.4342 3206.6422 1130.8484 7013.2125 6713.0220 2436.4060 6706.2992 6476.8042 2475.3232 5431.5718 3598.0852 1101.7305 6375.2173 7120.7174 6283.0267 2496.9549 5159.7168 4317.9173 936.3845 6794.6099 6506.7433 1267.8852 5772.7083 4248.6480 1913.9932
1712.3566 4147.8236 1183.6249 5365.6047 2572.6329 2830.1067 2379.7321 2240.4136 1601.4809 4391.4673 0.0000 585.4315 765.0281 1028.9689 882.3661 2039.6789 3352.3921 2223.5764 3099.5782 1048.1646 1245.9510 1624.4091 502.1325 3840.3690 1195.2309 5053.0040 3041.8642 2487.5598 2944.6869 2675.7160 2086.1337 2330.3068 1113.2174 1649.8679 5458.9491 2131.7432 3036.2077 1957.7589 1996.4932 930.9404 2512.8559 3700.2801 2922.5320 2136.9066 5458.4489 1393.8041 710.7693 2533.5590
1603.5663 4722.7434 1519.9612 5945.9876 3156.1195 2265.6977 1794.3536 2050.4148 1342.5442 4946.1202 585.4315 0.0000 1298.3412 1611.9470 405.2950 2207.1565 2823.4031 1638.2362 2541.7610 693.7327 1585.5762 1766.5540 1049.5623 4356.4701 1769.9506 5632.4315 2497.8535 1906.9263 3519.8058 2127.0773 1557.6649 2777.7977 530.0651 2170.8952 6002.0667 1551.1019 2471.6013 1537.5467 2505.3864 790.0430 2911.5812 4276.6511 2402.3649 1563.4436 5982.2446 826.7551 891.4264 3108.6841
2367.1977 3634.9175 1497.1560 4678.9864 1923.0902 3406.5026 3050.4841 2919.8145 2329.6749 3647.9393 765.0281 1298.3412 0.0000 645.8769 1641.0247 2445.9816 3839.1568 2904.2369 3654.4599 1487.4155 729.9000 2095.7388 696.5005 3075.9639 532.0761 4362.4746 3566.2061 3121.7742 2452.8687 3218.3132 2841.8392 1591.4402 1790.9218 1479.2498 4705.3430 2771.7844 3609.6228 2720.2015 1231.7910 1655.2178 2549.3130 3000.8540 3402.3670 2859.3765 4696.0004 2125.0793 755.3125 1835.2964
2200.3654 3124.1424 1102.7443 4377.0032 1579.1710 3853.1734 3404.8909 2761.6477 2290.9160 3500.0280 1028.9689 1611.9470 645.8769 0.0000 1852.0607 2025.0879 4348.5862 3246.6175 4118.2210 1996.9026 1340.2227 1752.9250 605.1264 3077.9079 418.8007 4069.2518 4051.1609 3516.5263 1922.2554 3689.6397 3031.3767 1865.9017 2141.4107 837.0096 4592.5681 3160.7012 4059.0762 2787.8452 1379.4274 1662.0111 1931.3607 2735.9773 3914.1691 3137.2321 4646.4271 2394.9507 1350.5769 1591.7192
1289.4452 4906.1110 1500.8564 6224.7795 3426.3313 2177.3254 1603.1734 1686.6977 969.7448 5273.2515 882.3661 405.2950 1641.0247 1852.0607 0.0000 2028.2495 2802.2664 1437.3149 2465.7301 985.2375 1986.2256 1592.1197 1252.5594 4715.6836 2071.6952 5914.7200 2453.9275 1763.6440 3709.7478 2081.6710 1203.7973 3163.7459 496.3275 2286.7763 6341.2195 1418.8083 2378.6486 1133.4664 2866.7203 553.2450 2884.7691 4568.8901 2404.4012 1288.1692 6337.0039 554.7071 1296.4833 3405.5920
1003.8850 3929.6510 950.2389 5708.5918 3178.2464 4075.4781 3381.3259 1303.7504 1450.6333 5182.1255 2039.6789 2207.1565 2445.9816 2025.0879 2028.2495 0.0000 4758.9117 3219.9792 4367.5555 2899.3987 3150.7739 441.0408 1764.5490 4959.4633 2443.8513 5442.4437 4395.3616 3609.1135 2931.2914 4033.9303 2571.6275 3890.9562 2524.2379 1589.6044 6277.6003 3312.7000 4260.5752 2032.6953 3397.9007 1475.1447 1240.4535 4286.5465 4389.6274 2927.5423 6418.8362 2427.1333 2748.2731 3336.4030
3832.6870 7462.7850 4297.4598 8416.9917 5748.3425 726.0062 1468.4917 3931.2558 3375.1696 7215.6237 3352.3921 2823.4031 3839.1568 4348.5862 2802.2664 4758.9117 0.0000 1600.9488 476.6151 2358.3151 3616.4360 4344.8333 3850.9412 6432.5041 4371.2081 8097.1464 369.2709 1205.0349 6266.3817 725.7858 2383.9138 4753.1670 2334.1692 4990.6117 8147.8076 1451.1354 608.0477 2948.1453 4751.6475 3330.4656 5686.6345 6745.4614 436.7906 1947.6727 8004.0780 2333.8588 3097.5720 5617.8562
2257.5989 6337.1004 2902.4438 7577.2503 4792.8401 880.1932 167.9196 2330.3418 1795.8622 6534.3080 2223.5764 1638.2362 2904.2369 3246.6175 1437.3149 3219.9792 1600.9488 0.0000 1164.7270 1562.2692 2987.1863 2828.9081 2665.2642 5881.0885 3400.2719 7262.2603 1232.5137 398.9010 5137.3905 922.5812 793.3536 4226.6197 1116.7744 3723.8394 7564.8263 285.5118 1048.8208 1347.8190 4050.1364 1880.2941 4247.1201 5902.7584 1321.5918 354.1327 7507.8426 886.2471 2301.0765 4735.0422
3418.9039 7242.3318 3966.3844 8295.3894 5576.9831 292.5765 1019.4754 3486.4185 2958.0061 7139.6552 3099.5782 2541.7610 3654.4599 4118.2210 2465.7301 4367.5555 476.6151 1164.7270 0.0000 2169.4396 3519.8462 3964.0800 3587.8643 6392.2764 4182.7534 7976.0478 201.3579 766.1886 6040.2909 437.5946 1931.0756 4705.7298 2026.8537 4710.0956 8106.4006 1060.8449 131.4686 2502.2072 4651.1009 2971.9127 5343.2105 6616.1599 485.0567 1500.6615 7988.7103 1961.7658 2938.2706 5468.8794
2266.9848 5104.5558 2168.7944 6134.9328 3408.2273 1929.2156 1680.1649 2668.5341 1950.6358 5021.0644 1048.1646 693.7327 1487.4155 1996.9026 985.2375 2899.3987 2358.3151 1562.2692 2169.4396 0.0000 1429.9486 2459.2279 1546.9460 4332.7581 2018.1105 5816.2402 2078.8432 1693.8952 3909.3163 1732.4344 1812.0775 2667.3134 653.6207 2693.1456 6028.9430 1365.5138 2129.8357 1990.1138 2524.4564 1473.4711 3541.2520 4454.2474 1922.1457 1640.9037 5956.1166 1070.1743 776.5526 3301.2558
2956.0205 4042.9421 2208.8988 4801.4069 2222.2570 3309.3120 3109.4226 3486.2193 2834.5160 3620.2267 1245.9510 1585.5762 729.9000 1340.2227 1986.2256 3150.7739 3616.4360 2987.1863 3519.8462 1429.9486 0.0000 2778.6696 1386.2269 2904.4965 1061.6897 4481.5882 3397.0110 3118.6388 2921.1992 3086.0865 3114.2363 1239.6532 1952.8607 2174.5956 4606.6266 2795.2325 3500.7024 3118.9591 1135.6060 2172.4871 3267.7890 3135.2016 3188.1200 3028.7912 4526.3648 2354.2200 710.7215 2041.5506
719.9569 4021.3709 651.6418 5706.3439 3065.8632 3671.5328 2992.9952 1174.6744 1111.6807 5076.5975 1624.4091 1766.5540 2095.7388 1752.9250 1592.1197 441.0408 4344.8333 2828.9081 3964.0800 2459.2279 2778.6696 0.0000 1400.9954 4780.1281 2165.0358 5426.9966 3983.8169 3211.8906 2945.3509 3619.0906 2223.6495 3602.0496 2088.4430 1495.5912 6177.8087 2905.0250 3860.5888 1718.3239 3131.0781 1039.0019 1478.6332 4210.0957 3968.1938 2552.4704 6289.0887 2011.0010 2335.1574 3188.4648
1699.3134 3676.2399 827.1185 4981.8757 2184.2923 3314.1299 2826.4876 2259.1485 1724.7638 4089.1635 502.1325 1049.5623 696.5005 605.1264 1252.5594 1764.5490 3850.9412 2665.2642 3587.8643 1546.9460 1386.2269 1400.9954 0.0000 3620.7023 902.9197 4674.3504 3536.1710 2953.1957 2474.2595 3168.0254 2426.2887 2253.7180 1577.2159 1147.8401 5176.1117 2597.8472 3520.1616 2193.8762 1832.9850 1073.0298 2053.1829 3339.7392 3422.3749 2540.3443 5212.4617 1800.9400 1076.0911 2189.1953
5278.1566 2862.5864 4135.7991 2321.8200 1859.2542 6198.3729 6008.8476 5839.0158 5345.4655 921.4342 3840.3690 4356.4701 3075.9639 3077.9079 4715.6836 4959.4633 6432.5041 5881.0885 6392.2764 4332.7581 2904.4965 4780.1281 3620.7023 0.0000 2717.9855 2041.7084 6253.8136 6023.1261 2568.8023 5965.4648 5912.0054 1686.5823 4806.8020 3383.1858 1715.7357 5698.1686 6383.9202 5786.6489 1851.1080 4686.7174 4284.7946 1271.8840 6021.3544 5891.7125 1628.4404 5177.2707 3580.2661 1638.2274
2577.8848 3105.9330 1517.2782 4177.3433 1400.1104 3931.8058 3551.0551 3140.1720 2627.5940 3206.6422 1195.2309 1769.9506 532.0761 418.8007 2071.6952 2443.8513 4371.2081 3400.2719 4182.7534 2018.1105 1061.6897 2165.0358 902.9197 2717.9855 0.0000 3863.0661 4096.8907 3634.6990 1931.1282 3747.2498 3273.2377 1447.1120 2283.4978 1163.6052 4285.3112 3282.1228 4135.6443 3085.9859 966.6323 1972.8824 2284.9088 2506.7688 3934.4197 3330.7196 4311.5571 2588.4824 1283.3472 1339.0504
6075.4662 1849.1566 4872.9610 319.8453 2490.1191 7744.8559 7411.2417 6595.2061 6284.7729 1130.8484 5053.0040 5632.4315 4362.4746 4069.2518 5914.7200 5442.4437 8097.1464 7262.2603 7976.0478 5816.2402 4481.5882 5426.9966 4674.3504 2041.7084 3863.0661 0.0000 7865.9627 7482.8191 2514.4590 7538.7220 7100.6285 3448.2316 6145.7213 3937.6837 1374.4832 7133.9931 7943.9593 6830.1342 3348.7027 5708.7527 4396.1410 1362.7362 7666.9077 7189.5650 1797.5330 6445.8974 5040.9924 2527.6867
3464.6785 7172.8770 3953.0558 8185.6093 5485.2852 364.8698 1103.1469 3562.8221 3006.6601 7013.2125 3041.8642 2497.8535 3566.2061 4051.1609 2453.9275 4395.3616 369.2709 1232.5137 201.3579 2078.8432 3397.0110 3983.8169 3536.1710 6253.8136 4096.8907 7865.9627 0.0000 838.1169 5972.8430 373.0657 2018.0248 4568.1830 1995.9852 4668.6668 7969.1049 1084.3657 305.0000 2580.1539 4531.3509 2975.3171 5338.3463 6508.5191 286.4001 1580.6695 7843.4351 1973.2663 2837.8902 5368.0679
2653.6829 6629.0048 3253.0555 7799.9487 5034.3073 481.6825 266.9251 2727.0029 2192.4108 6713.0220 2487.5598 1906.9263 3121.7742 3516.5263 1763.6440 3609.1135 1205.0349 398.9010 766.1886 1693.8952 3118.6388 3211.8906 2953.1957 6023.1261 3634.6990 7482.8191 838.1169 0.0000 5426.3359 557.9839 1180.0068 4348.8610 1376.9855 4043.2138 7722.4056 355.8834 652.5619 1743.3789 4217.3870 2240.6731 4613.7205 6120.3243 954.3820 742.6897 7643.2314 1230.8127 2464.4401 4956.7979
3624.6459 1203.1841 2445.9830 2777.3010 893.0672 5773.9557 5299.6619 4119.9379 3888.5064 2436.4060 2944.6869 3519.8058 2452.8687 1922.2554 3709.7478 2931.2914 6266.3817 5137.3905 6040.2909 3909.3163 2921.1992 2945.3509 2474.2595 2568.8023 1931.1282 2514.4590 5972.8430 5426.3359 0.0000 5611.8736 4823.0124 2549.9069 4049.4308 1497.7066 3475.5310 5070.6577 5979.9788 4469.9406 2095.6092 3387.3997 1910.0576 1500.3633 5830.8711 4993.1466 3703.5509 4263.9265 3208.1253 1195.9565
3114.9210 6813.0887 3580.2804 7858.0294 5140.4226 260.4611 820.3298 3239.1686 2660.0295 6706.2992 2675.7160 2127.0773 3218.3132 3689.6397 2081.6710 4033.9303 725.7858 922.5812 437.5946 1732.4344 3086.0865 3619.0906 3168.0254 5965.4648 3747.2498 7538.7220 373.0657 557.9839 5611.8736 0.0000 1715.8887 4279.0011 1623.0727 4297.9530 7678.4335 734.4011 419.5486 2262.3536 4215.8929 2605.8016 4966.3513 6178.6783 399.5410 1276.6903 7566.6283 1608.1648 2500.6785 5031.3355
1573.1577 6000.5854 2440.5643 7407.9914 4610.5334 1658.1972 915.4283 1558.3610 1121.4566 6476.8042 2086.1337 1557.6649 2841.8392 3031.3767 1203.7973 2571.6275 2383.9138 793.3536 1931.0756 1812.0775 3114.2363 2223.6495 2426.2887 5912.0054 3273.2377 7100.6285 2018.0248 1180.0068 4823.0124 1715.8887 0.0000 4329.4360 1179.2137 3345.9794 7544.7140 1022.1022 1807.0764 577.6314 4061.0965 1437.5785 3692.4952 5762.2448 2114.6700 439.4770 7536.0368 762.5667 2403.8405 4602.8649
3950.0665 3446.9072 2959.6260 3762.9286 1668.9787 4512.7794 4347.4711 4506.6361 3919.2868 2475.3232 2330.3068 2777.7977 1591.4402 1865.9017 3163.7459 3890.9562 4753.1670 4226.6197 4705.7298 2667.3134 1239.6532 3602.0496 2253.7180 1686.5823 1447.1120 3448.2316 4568.1830 4348.8610 2549.9069 4279.0011 4329.4360 0.0000 3183.7376 2509.4258 3401.0594 4030.9658 4697.5940 4280.5759 532.6321 3244.3144 3611.7620 2186.3067 4338.4399 4264.5108 3295.5828 3575.6381 1940.5692 1380.9609
1747.3592 5252.2203 1965.1506 6460.5610 3676.9793 1745.9522 1269.0382 2081.5730 1371.7609 5431.5718 1113.2174 530.0651 1790.9218 2141.4107 496.3275 2524.2379 2334.1692 1116.7744 2026.8537 653.6207 1952.8607 2088.4430 1577.2159 4806.8020 2283.4978 6145.7213 1995.9852 1376.9855 4049.4308 1623.0727 1179.2137 3183.7376 0.0000 2684.3526 6474.1222 1021.2345 1951.1484 1340.2227 2962.0432 1049.5089 3357.9116 4786.7438 1925.7186 1085.0092 6435.2207 421.3799 1243.9076 3618.8078
2141.2382 2655.5544 949.2945 4222.1201 1589.8402 4430.3047 3889.9292 2657.9219 2390.8302 3598.0852 1649.8679 2170.8952 1479.2498 837.0096 2286.7763 1589.6044 4990.6117 3723.8394 4710.0956 2693.1456 2174.5956 1495.5912 1147.8401 3383.1858 1163.6052 3937.6837 4668.6668 4043.2138 1497.7066 4297.9530 3345.9794 2509.4258 2684.3526 0.0000 4696.6530 3692.0402 4635.4423 2974.0161 1980.7920 1908.8054 1123.1621 2717.4446 4564.7546 3547.0385 4829.7089 2838.5958 2139.2824 1750.9315
6754.2350 3122.5848 5563.6600 1426.0116 3112.0194 7909.4114 7697.5645 7303.7845 6882.9635 1101.7305 5458.9491 6002.0667 4705.3430 4592.5681 6341.2195 6277.6003 8147.8076 7564.8263 8106.4006 6028.9430 4606.6266 6177.8087 5176.1117 1715.7357 4285.3112 1374.4832 7969.1049 7722.4056 3475.5310 7678.4335 7544.7140 3401.0594 6474.1222 4696.6530 0.0000 7392.1305 8096.4043 7369.0532 3514.8670 6248.5250 5378.7750 2000.5144 7737.0885 7555.5758 460.1837 6828.3516 5266.1189 3012.4867
2382.1150 6273.4031 2915.0556 7450.7216 4681.2158 768.5317 331.0498 2511.0575 1926.0675 6375.2173 2131.7432 1551.1019 2771.7844 3160.7012 1418.8083 3312.7000 1451.1354 285.5118 1060.8449 1365.5138 2795.2325 2905.0250 2597.8472 5698.1686 3282.1228 7133.9931 1084.3657 355.8834 5070.6577 734.4011 1022.1022 4030.9658 1021.2345 3692.0402 7392.1305 0.0000 964.3920 1541.7396 3882.0350 1912.3977 4285.2643 5771.8562 1120.4570 599.7675 7321.5608 901.2641 2127.7711 4607.0809
3305.8959 7182.7617 3877.7655 8262.9799 5532.7029 206.1189 899.0895 3363.9171 2844.3973 7120.7174 3036.2077 2471.6013 3609.6228 4059.0762 2378.6486 4260.5752 608.0477 1048.8208 131.4686 2129.8357 3500.7024 3860.5888 3520.1616 6383.9202 4135.6443 7943.9593 305.0000 652.5619 5979.9788 419.5486 1807.0764 4697.5940 1951.1484 4635.4423 8096.4043 964.3920 0.0000 2379.9372 4628.1789 2876.5745 5249.6432 6582.7344 569.8596 1379.4002 7985.9918 1865.0547 2903.1876 5431.0708
1028.9048 5621.9247 2034.5624 7130.3920 4351.5629 2224.5116 1483.0863 984.2281 610.6693 6283.0267 1957.7589 1537.5467 2720.2015 2787.8452 1133.4664 2032.6953 2948.1453 1347.8190 2502.2072 1990.1138 3118.9591 1718.3239 2193.8762 5786.6489 3085.9859 6830.1342 2580.1539 1743.3789 4469.9406 2262.3536 577.6314 4280.5759 1340.2227 2974.0161 7369.0532 1541.7396 2379.9372 0.0000 3951.5426 1126.2868 3196.9462 5517.4452 2657.3613 1001.8553 7394.6297 950.3820 2428.7950 4379.4252
3529.2883 3084.1145 2481.9631 3668.3829 1251.3309 4434.0745 4184.0997 4090.5601 3542.1084 2496.9549 1996.4932 2505.3864 1231.7910 1379.4274 2866.7203 3397.9007 4751.6475 4050.1364 4651.1009 2524.4564 1135.6060 3131.0781 1832.9850 1851.1080 966.6323 3348.7027 4531.3509 4217.3870 2095.6092 4215.8929 4061.0965 532.6321 2962.0432 1980.7920 3514.8670 3882.0350 4628.1789 3951.5426 0.0000 2872.1081 3079.5652 2011.5228 4323.7155 4045.8281 3477.3675 3327.0445 1754.2639 999.6449
824.3137 4563.0110 1026.9382 6010.9347 3226.5774 2680.2795 2048.1125 1318.9864 675.0030 5159.7168 930.9404 790.0430 1655.2178 1662.0111 553.2450 1475.1447 3330.4656 1880.2941 2971.9127 1473.4711 2172.4871 1039.0019 1073.0298 4686.7174 1972.8824 5708.7527 2975.3171 2240.6731 3387.3997 2605.8016 1437.5785 3244.3144 1049.5089 1908.8054 6248.5250 1912.3977 2876.5745 1126.2868 2872.1081 0.0000 2373.5671 4391.6262 2942.4101 1658.7525 6284.3299 1011.6620 1562.2180 3253.7291
2187.0002 2755.0688 1394.8767 4637.2898 2425.5773 5052.2523 4414.2406 2543.7736 2589.3231 4317.9173 2512.8559 2911.5812 2549.3130 1931.3607 2884.7691 1240.4535 5686.6345 4247.1201 5343.2105 3541.2520 3267.7890 1478.6332 2053.1829 4284.7946 2284.9088 4396.1410 5338.3463 4613.7205 1910.0576 4966.3513 3692.4952 3611.7620 3357.9116 1123.1621 5378.7750 4285.2643 5249.6432 3196.9462 3079.5652 2373.5671 0.0000 3385.3806 5283.4748 3996.7958 5584.0775 3385.1578 3124.4078 2663.9535
4819.3962 1590.9023 3616.9077 1680.8358 1168.4096 6383.1955 6050.7238 5357.4623 4992.0116 936.3845 3700.2801 4276.6511 3000.8540 2735.9773 4568.8901 4286.5465 6745.4614 5902.7584 6616.1599 4454.2474 3135.2016 4210.0957 3339.7392 1271.8840 2506.7688 1362.7362 6508.5191 6120.3243 1500.3633 6178.6783 5762.2448 2186.3067 4786.7438 2717.4446 2000.5144 5771.8562 6582.7344 5517.4452 2011.5228 4391.6262 3385.3806 0.0000 6313.5882 5836.9983 2204.1518 5094.0806 3679.5492 1168.1515
3488.9872 7026.7012 3890.7743 7986.7393 5312.0833 549.6044 1218.7444 3631.0310 3038.1113 6794.6099 2922.5320 2402.3649 3402.3670 3914.1691 2404.4012 4389.6274 436.7906 1321.5918 485.0567 1922.1457 3188.1200 3968.1938 3422.3749 6021.3544 3934.4197 7666.9077 286.4001 954.3820 5830.8711 399.5410 2114.6700 4338.4399 1925.7186 4564.7546 7737.0885 1120.4570 569.8596 2657.3613 4323.7155 2942.4101 5283.4748 6313.5882 0.0000 1675.7210 7602.2779 1963.8139 2661.1851 5183.2324
1946.9004 6185.6784 2685.2683 7501.6044 4705.5663 1223.0135 481.2744 1986.0456 1485.4753 6506.7433 2136.9066 1563.4436 2859.3765 3137.2321 1288.1692 2927.5423 1947.6727 354.1327 1500.6615 1640.9037 3028.7912 2552.4704 2540.3443 5891.7125 3330.7196 7189.5650 1580.6695 742.6897 4993.1466 1276.6903 439.4770 4264.5108 1085.0092 3547.0385 7555.5758 599.7675 1379.4002 1001.8553 4045.8281 1658.7525 3996.7958 5836.9983 1675.7210 0.0000 7520.1044 743.8548 2324.0777 4669.7329
6834.3182 3471.2080 5660.2035 1876.1946 3240.7110 7804.1738 7634.1711 7390.3646 6933.2694 1267.8852 5458.4489 5982.2446 4696.0004 4646.4271 6337.0039 6418.8362 8004.0780 7507.8426 7988.7103 5956.1166 4526.3648 6289.0887 5212.4617 1628.4404 4311.5571 1797.5330 7843.4351 7643.2314 3703.5509 7566.6283 7536.0368 3295.5828 6435.2207 4829.7089 460.1837 7321.5608 7985.9918 7394.6297 3477.3675 6284.3299 5584.0775 2204.1518 7602.2779 7520.1044 0.0000 6804.3881 5207.6241 3101.1167
1541.7292 5460.7477 2022.9904 6757.8059 3961.7453 1669.6784 1053.3209 1784.7658 1111.7306 5772.7083 1393.8041 826.7551 2125.0793 2394.9507 554.7071 2427.1333 2333.8588 886.2471 1961.7658 1070.1743 2354.2200 2011.0010 1800.9400 5177.2707 2588.4824 6445.8974 1973.2663 1230.8127 4263.9265 1608.1648 762.5667 3575.6381 421.3799 2838.5958 6828.3516 901.2641 1865.0547 950.3820 3327.0445 1011.6620 3385.1578 5094.0806 1963.8139 743.8548 6804.3881 0.0000 1643.5051 3927.2455
2378.5344 4389.0555 1866.1675 5359.9016 2650.9630 2703.8730 2431.5238 2878.6281 2195.3355 4248.6480 710.7693 891.4264 755.3125 1350.5769 1296.4833 2748.2731 3097.5720 2301.0765 2938.2706 776.5526 710.7215 2335.1574 1076.0911 3580.2661 1283.3472 5040.9924 2837.8902 2464.4401 3208.1253 2500.6785 2403.8405 1940.5692 1243.9076 2139.2824 5266.1189 2127.7711 2903.1876 2428.7950 1754.2639 1562.2180 3124.4078 3679.5492 2661.1851 2324.0777 5207.6241 1643.5051 0.0000 2531.0275
3743.0792 2087.2767 2559.9557 2843.7801 303.7845 5229.9599 4883.6028 4295.2113 3875.4192 1913.9932 2533.5590 3108.6841 1835.2964 1591.7192 3405.5920 3336.4030 5617.8562 4735.0422 5468.8794 3301.2558 2041.5506 3188.4648 2189.1953 1638.2274 1339.0504 2527.6867 5368.0679 4956.7979 1195.9565 5031.3355 4602.8649 1380.9609 3618.8078 1750.9315 3012.4867 4607.0809 5431.0708 4379.4252 999.6449 3253.7291 2663.9535 1168.1515 5183.2324 4669.7329 3101.1167 3927.2455 2531.0275 0.0000
