42
0.0000 5.0000 38.8973 33.5410 41.0366 54.4059 51.4782 53.7587 54.1295 71.0282 97.1854 98.1835 133.3042 165.3390 167.4306 149.0302 138.1774 167.0838 172.4471 152.1611 125.9365 115.9526 113.6002 84.4038 73.2462 80.7775 86.3771 98.8838 104.0433 82.8010 75.2861 84.1724 91.8314 71.0634 63.5138 70.8378 53.9189 42.8981 33.6155 26.8328 3.6056 4.4721
5.0000 0.0000 36.2491 31.6228 40.8044 53.1507 49.6488 51.0784 50.9608 67.1863 93.4345 94.0479 129.1395 161.0093 163.2483 145.1241 134.6477 163.4870 169.3665 149.4858 123.3086 112.7918 110.2180 81.3204 70.2140 78.2943 83.7735 96.8969 102.6158 81.5659 74.2765 83.7377 91.8368 71.0282 64.0078 72.5328 55.1928 44.5112 35.1710 28.1603 8.4853 8.0623
38.8973 36.2491 0.0000 7.6158 20.1246 21.1896 15.2643 14.8661 16.0312 35.4401 60.2993 63.6003 98.2700 131.2174 132.1968 112.3610 100.1798 129.1898 133.6451 113.2961 87.0919 77.2787 75.3260 45.7056 34.5254 42.0476 47.5395 61.0328 67.8823 47.8017 41.6773 53.3104 63.2456 43.7379 41.0488 56.7539 39.7398 35.3023 30.6105 27.7308 40.0250 43.3244
33.5410 31.6228 7.6158 0.0000 15.1327 22.0227 18.0278 21.0950 23.3452 43.0116 67.6018 71.1688 105.7592 138.7516 139.6352 119.6035 107.0420 136.0588 139.8320 118.9033 92.6553 83.7257 82.0975 52.2398 41.1096 47.4342 53.1601 65.3682 71.0634 50.2096 43.2782 53.8516 63.0714 42.7200 38.3275 52.4690 34.8174 28.9007 23.3452 20.1246 34.1760 38.0132
41.0366 40.8044 20.1246 15.1327 0.0000 16.1245 17.7200 26.4197 31.4006 51.3128 73.0548 78.7147 112.0089 145.2481 145.2067 123.9758 109.6586 138.4377 139.6066 117.0854 91.0824 85.0941 84.7172 54.9181 44.6430 47.0000 53.0000 61.4003 64.4127 42.9418 34.9857 43.1393 51.0392 30.2324 24.0416 37.3363 19.7800 16.0078 15.0333 17.0880 40.3609 45.2548
54.4059 53.1507 21.1896 22.0227 16.1245 0.0000 7.0711 16.5529 22.8473 40.3609 59.0339 66.0303 97.9898 131.1831 130.6331 108.9312 94.0479 122.6907 123.4909 101.0000 74.9667 69.2604 69.2315 39.8497 30.4138 31.0644 37.0540 45.5412 49.6488 28.4253 21.2603 32.2025 42.0595 23.0217 22.8473 40.8167 27.4089 29.6015 31.0161 32.9848 54.3783 58.8218
51.4782 49.6488 15.2643 18.0278 17.7200 7.0711 0.0000 10.0000 16.1245 34.7131 55.3624 61.4003 94.3398 127.5813 127.4873 106.3015 92.2659 121.1487 123.3207 101.6514 75.4321 68.0074 67.2681 37.3363 26.9258 30.4138 36.3456 47.4131 53.1507 32.6497 26.4197 38.2753 48.5077 30.0000 29.7321 47.4131 32.8976 33.0946 32.5576 33.0151 51.8941 55.9464
53.7587 51.0784 14.8661 21.0950 26.4197 16.5529 10.0000 0.0000 6.3246 25.0000 47.2969 52.3259 86.0233 119.2183 119.5701 98.9949 86.0058 115.0174 118.8781 98.4327 72.2357 62.6498 61.0328 31.1448 20.0250 27.2947 32.6956 46.8615 54.8179 36.2491 31.7805 44.5533 55.3263 38.4708 39.3954 57.3062 42.8515 42.2995 40.4969 39.6232 54.8179 58.1893
54.1295 50.9608 16.0312 23.3452 31.4006 22.8473 16.1245 6.3246 0.0000 20.1246 44.2832 48.1041 82.4621 115.5206 116.2970 96.3328 84.2912 113.2828 118.4061 98.8989 72.8972 61.8466 59.5399 30.3645 19.3132 29.0689 33.8378 49.5177 58.5235 41.1096 37.3363 50.2494 61.1310 44.7214 45.6946 63.5295 48.7263 47.4052 44.7214 43.0116 55.5788 58.4637
71.0282 67.1863 35.4401 43.0116 51.3128 40.3609 34.7131 25.0000 20.1246 0.0000 26.3059 28.1603 62.9682 95.8019 97.0155 78.0064 67.9117 96.5091 104.3887 87.6584 63.0317 48.3735 44.3847 21.0950 16.0000 28.2843 29.7321 47.7598 59.6657 48.2597 47.8017 60.4152 71.3863 59.0339 62.4260 80.8022 67.5370 67.2625 64.8460 62.9682 73.0068 75.1066
97.1854 93.4345 60.2993 67.6018 73.0548 59.0339 55.3624 47.2969 44.2832 26.3059 0.0000 12.0416 39.0000 72.2357 72.2772 52.0865 41.7612 70.2140 79.1770 65.0538 43.4166 25.6125 19.8494 20.5183 28.6356 32.5576 28.8444 42.2019 55.3173 53.8238 57.3149 67.4240 77.1751 71.4493 77.8010 95.9010 86.0189 88.3077 87.6413 86.8850 99.0454 101.3163
98.1835 94.0479 63.6003 71.1688 78.7147 66.0303 61.4003 52.3259 48.1041 28.1603 12.0416 0.0000 35.1283 67.6831 69.2604 51.7880 45.7930 72.4500 84.6286 73.4098 53.8516 35.3412 28.6531 30.5287 36.1248 42.7200 39.8121 54.1295 67.2681 64.4981 67.2012 78.0320 88.1192 80.8084 86.3134 104.6614 93.4090 94.4577 92.7038 91.0824 100.4042 102.0784
133.3042 129.1395 98.2700 105.7592 112.0089 97.9898 94.3398 86.0233 82.4621 62.9682 39.0000 35.1283 0.0000 33.2415 34.1321 20.0000 27.2947 43.2782 62.1289 61.8142 55.0818 40.3113 35.0000 58.6686 67.6240 69.8928 65.0000 72.4707 84.0536 89.2749 94.2019 102.5914 111.0720 108.8118 115.9655 133.7012 124.7968 127.3077 126.4911 125.4193 135.5323 137.1787
165.3390 161.0093 131.2174 138.7516 145.2481 131.1831 127.5813 119.2183 115.5206 95.8019 72.2357 67.6831 33.2415 0.0000 9.4868 28.3019 47.4342 40.0500 64.0703 75.9605 79.6304 69.3542 65.6049 91.6788 100.8464 102.5768 97.4166 102.7278 113.1459 121.0165 126.4792 134.0149 141.7674 141.1984 148.7179 166.2077 157.8678 160.5405 159.7028 158.5213 167.7260 169.0710
167.4306 163.2483 132.1968 139.6352 145.2067 130.6331 127.4873 119.5701 116.2970 97.0155 72.2772 69.2604 34.1321 9.4868 0.0000 23.4307 42.4264 31.0161 55.0000 68.3520 74.4110 66.0303 63.1348 90.8240 100.5783 101.1336 95.7079 99.4032 109.1238 118.5116 124.4227 131.1869 138.4052 139.1869 147.1360 164.2468 156.8479 160.1757 159.8906 159.1257 169.6644 171.2921
149.0302 145.1241 112.3610 119.6035 123.9758 108.9312 106.3015 98.9949 96.3328 78.0064 52.0865 51.7880 20.0000 28.3019 23.4307 0.0000 19.2094 23.3452 43.8634 49.3660 51.4004 42.7200 40.3113 69.1231 79.4292 78.7718 73.1642 76.0263 85.7030 95.3834 101.5185 107.9120 115.0000 116.2755 124.4829 141.3223 134.6040 138.5325 138.8524 138.6001 151.0000 153.0817
138.1774 134.6477 100.1798 107.0420 109.6586 94.0479 92.2659 86.0058 84.2912 67.9117 41.7612 45.7930 27.2947 47.4342 42.4264 19.2094 0.0000 29.0172 39.0512 34.5254 32.2025 25.2982 25.0200 55.0364 66.0000 63.1506 57.2713 57.8014 66.8431 77.8781 84.5044 89.9444 96.5194 99.1615 107.8378 124.0846 118.6223 123.4757 124.6796 125.1439 139.8070 142.4114
167.0838 163.4870 129.1898 136.0588 138.4377 122.6907 121.1487 115.0174 113.2828 96.5091 70.2140 72.4500 43.2782 40.0500 31.0161 23.3452 29.0172 0.0000 24.0208 40.2244 54.1202 53.4603 54.0000 84.0060 95.0053 91.6624 85.7088 83.8153 90.7855 104.6948 111.8258 115.8792 121.2023 126.2418 135.3403 150.8410 146.6024 151.9581 153.4699 154.0811 168.7602 171.2921
172.4471 169.3665 133.6451 139.8320 139.6066 123.4909 123.3207 118.8781 118.4061 104.3887 79.1770 84.6286 62.1289 64.0703 55.0000 43.8634 39.0512 24.0208 0.0000 25.6320 49.0102 56.6127 60.0083 88.0568 99.2018 92.9139 86.9770 80.0999 83.7437 101.2423 109.1146 110.4762 113.7585 122.5887 132.3782 145.9863 144.6245 151.5297 154.4668 156.1602 173.6692 176.8219
152.1611 149.4858 113.2961 118.9033 117.0854 101.0000 101.6514 98.4327 98.8989 87.6584 65.0538 73.4098 61.8142 75.9605 68.3520 49.3660 34.5254 40.2244 25.6320 0.0000 26.2488 39.6989 45.2769 68.8840 79.6241 71.4703 65.7875 56.2228 58.5491 77.0260 85.0941 85.4751 88.2950 98.0459 108.0046 120.9339 120.5373 128.0635 131.6852 133.9589 153.0555 156.6046
125.9365 123.3086 87.0919 92.6553 91.0824 74.9667 75.4321 72.2357 72.8972 63.0317 43.4166 53.8516 55.0818 79.6304 74.4110 51.4004 32.2025 54.1202 49.0102 26.2488 0.0000 18.6815 25.7099 43.2666 53.7122 45.2217 39.5601 31.1448 36.6742 52.3450 60.1332 62.3618 67.1193 73.8241 83.4865 97.7446 95.6308 102.5780 105.8017 107.8703 126.8109 130.3840
115.9526 112.7918 77.2787 83.7257 85.0941 69.2604 68.0074 62.6498 61.8466 48.3735 25.6125 35.3412 40.3113 69.3542 66.0303 42.7200 25.2982 53.4603 56.6127 39.6989 18.6815 0.0000 7.0711 31.5753 42.7551 38.2099 32.2490 33.4215 44.0454 52.7731 59.2368 65.1920 72.4707 73.9256 82.5409 98.8989 93.3769 98.5000 100.1249 101.0198 117.2774 120.3038
113.6002 110.2180 75.3260 82.0975 84.7172 69.2315 67.2681 61.0328 59.5399 44.3847 19.8494 28.6531 35.0000 65.6049 63.1348 40.3113 25.0200 54.0000 60.0083 45.2769 25.7099 7.0711 0.0000 30.0167 41.0122 38.6005 32.8938 37.5366 49.0918 55.4707 61.2944 68.4105 76.3806 76.0592 84.1724 101.1187 94.3941 98.7585 99.7246 100.1249 115.1173 117.8855
84.4038 81.3204 45.7056 52.2398 54.9181 39.8497 37.3363 31.1448 30.3645 21.0950 20.5183 30.5287 58.6686 91.6788 90.8240 69.1231 55.0364 84.0060 88.0568 68.8840 43.2666 31.5753 30.0167 0.0000 11.1803 12.2066 10.0499 27.4591 40.1123 34.0000 36.8782 47.5079 57.6975 50.9313 57.4282 75.4321 66.1910 69.4424 69.8713 70.1142 85.7030 88.7694
73.2462 70.2140 34.5254 41.1096 44.6430 30.4138 26.9258 20.0250 19.3132 16.0000 28.6356 36.1248 67.6240 100.8464 100.5783 79.4292 66.0000 95.0053 99.2018 79.6241 53.7122 42.7551 41.0122 11.1803 0.0000 12.6491 15.6205 33.1210 44.2719 32.3883 32.6956 44.9222 55.7853 45.2217 50.2096 68.5930 57.5608 59.7013 59.4390 59.3043 74.5252 77.6209
80.7775 78.2943 42.0476 47.4342 47.0000 31.0644 30.4138 27.2947 29.0689 28.2843 32.5576 42.7200 69.8928 102.5768 101.1336 78.7718 63.1506 91.6624 92.9139 71.4703 45.2217 38.2099 38.6005 12.2066 12.6491 0.0000 6.0000 20.8087 31.6228 21.9317 24.7588 35.3553 45.6946 39.0512 46.1411 63.8201 55.8323 60.3345 62.0081 63.2851 81.5966 85.2350
86.3771 83.7735 47.5395 53.1601 53.0000 37.0540 36.3456 32.6956 33.8378 29.7321 28.8444 39.8121 65.0000 97.4166 95.7079 73.1642 57.2713 85.7088 86.9770 65.7875 39.5601 32.2490 32.8938 10.0499 15.6205 6.0000 0.0000 18.0278 30.2655 25.0000 29.2062 38.6005 48.3735 43.8292 51.4296 68.7968 61.5081 66.2590 68.0074 69.2604 87.2812 90.8240
98.8838 96.8969 61.0328 65.3682 61.4003 45.5412 47.4131 46.8615 49.5177 47.7598 42.2019 54.1295 72.4707 102.7278 99.4032 76.0263 57.8014 83.8153 80.0999 56.2228 31.1448 33.4215 37.5366 27.4591 33.1210 20.8087 18.0278 0.0000 13.1529 21.2132 29.0172 32.2025 39.0512 42.7551 52.3450 67.0522 64.5310 71.8418 75.7100 78.4474 99.2824 103.3538
104.0433 102.6158 67.8823 71.0634 64.4127 49.6488 53.1507 54.8179 58.5235 59.6657 55.3173 67.2681 84.0536 113.1459 109.1238 85.7030 66.8431 90.7855 83.7437 58.5491 36.6742 44.0454 49.0918 40.1123 44.2719 31.6228 30.2655 13.1529 0.0000 21.4709 29.5466 27.0185 30.4631 40.3113 50.4876 62.3939 63.4606 72.3205 77.6209 81.3941 104.0096 108.4666
82.8010 81.5659 47.8017 50.2096 42.9418 28.4253 32.6497 36.2491 41.1096 48.2597 53.8238 64.4981 89.2749 121.0165 118.5116 95.3834 77.8781 104.6948 101.2423 77.0260 52.3450 52.7731 55.4707 34.0000 32.3883 21.9317 25.0000 21.2132 21.4709 0.0000 8.2462 13.6015 23.7697 21.5870 31.1448 46.2385 43.5115 51.4806 56.3028 59.9333 82.6620 87.2009
75.2861 74.2765 41.6773 43.2782 34.9857 21.2603 26.4197 31.7805 37.3363 47.8017 57.3149 67.2012 94.2019 126.4792 124.4227 101.5185 84.5044 111.8258 109.1146 85.0941 60.1332 59.2368 61.2944 36.8782 32.6956 24.7588 29.2062 29.0172 29.5466 8.2462 0.0000 13.0000 24.0208 14.7648 23.5372 39.8246 35.5141 43.2464 48.1041 51.8845 75.0000 79.6492
84.1724 83.7377 53.3104 53.8516 43.1393 32.2025 38.2753 44.5533 50.2494 60.4152 67.4240 78.0320 102.5914 134.0149 131.1869 107.9120 89.9444 115.8792 110.4762 85.4751 62.3618 65.1920 68.4105 47.5079 44.9222 35.3553 38.6005 32.2025 27.0185 13.6015 13.0000 0.0000 11.0454 14.3178 24.3516 35.5106 37.4733 47.4052 54.0833 59.0339 83.4506 88.3912
91.8314 91.8368 63.2456 63.0714 51.0392 42.0595 48.5077 55.3263 61.1310 71.3863 77.1751 88.1192 111.0720 141.7674 138.4052 115.0000 96.5194 121.2023 113.7585 88.2950 67.1193 72.4707 76.3806 57.6975 55.7853 45.6946 48.3735 39.0512 30.4631 23.7697 24.0208 11.0454 0.0000 20.8087 29.0689 34.3657 41.4638 52.4047 60.1415 65.7951 90.7855 95.9010
71.0634 71.0282 43.7379 42.7200 30.2324 23.0217 30.0000 38.4708 44.7214 59.0339 71.4493 80.8084 108.8118 141.1984 139.1869 116.2755 99.1615 126.2418 122.5887 98.0459 73.8241 73.9256 76.0592 50.9313 45.2217 39.0512 43.8292 42.7551 40.3113 21.5870 14.7648 14.3178 20.8087 0.0000 10.1980 25.0599 23.2863 33.0946 40.0000 45.2769 70.0928 75.1665
63.5138 64.0078 41.0488 38.3275 24.0416 22.8473 29.7321 39.3954 45.6946 62.4260 77.8010 86.3134 115.9655 148.7179 147.1360 124.4829 107.8378 135.3403 132.3782 108.0046 83.4865 82.5409 84.1724 57.4282 50.2096 46.1411 51.4296 52.3450 50.4876 31.1448 23.5372 24.3516 29.0689 10.1980 0.0000 18.4391 13.1244 23.4361 31.1127 37.0135 62.2013 67.4240
70.8378 72.5328 56.7539 52.4690 37.3363 40.8167 47.4131 57.3062 63.5295 80.8022 95.9010 104.6614 133.7012 166.2077 164.2468 141.3223 124.0846 150.8410 145.9863 120.9339 97.7446 98.8989 101.1187 75.4321 68.5930 63.8201 68.7968 67.0522 62.3939 46.2385 39.8246 35.5106 34.3657 25.0599 18.4391 0.0000 18.0069 28.0223 37.3631 44.3847 68.7095 74.0945
53.9189 55.1928 39.7398 34.8174 19.7800 27.4089 32.8976 42.8515 48.7263 67.5370 86.0189 93.4090 124.7968 157.8678 156.8479 134.6040 118.6223 146.6024 144.6245 120.5373 95.6308 93.3769 94.3941 66.1910 57.5608 55.8323 61.5081 64.5310 63.4606 43.5115 35.5141 37.4733 41.4638 23.2863 13.1244 18.0069 0.0000 11.4018 20.3531 27.1155 52.1177 57.4739
42.8981 44.5112 35.3023 28.9007 16.0078 29.6015 33.0946 42.2995 47.4052 67.2625 88.3077 94.4577 127.3077 160.5405 160.1757 138.5325 123.4757 151.9581 151.5297 128.0635 102.5780 98.5000 98.7585 69.4424 59.7013 60.3345 66.2590 71.8418 72.3205 51.4806 43.2464 47.4052 52.4047 33.0946 23.4361 28.0223 11.4018 0.0000 9.3408 16.3783 40.9298 46.3060
33.6155 35.1710 30.6105 23.3452 15.0333 31.0161 32.5576 40.4969 44.7214 64.8460 87.6413 92.7038 126.4911 159.7028 159.8906 138.8524 124.6796 153.4699 154.4668 131.6852 105.8017 100.1249 99.7246 69.8713 59.4390 62.0081 68.0074 75.7100 77.6209 56.3028 48.1041 54.0833 60.1415 40.0000 31.1127 37.3631 20.3531 9.3408 0.0000 7.0711 31.7648 37.1214
26.8328 28.1603 27.7308 20.1246 17.0880 32.9848 33.0151 39.6232 43.0116 62.9682 86.8850 91.0824 125.4193 158.5213 159.1257 138.6001 125.1439 154.0811 156.1602 133.9589 107.8703 101.0198 100.1249 70.1142 59.3043 63.2851 69.2604 78.4474 81.3941 59.9333 51.8845 59.0339 65.7951 45.2769 37.0135 44.3847 27.1155 16.3783 7.0711 0.0000 25.2389 30.5287
3.6056 8.4853 40.0250 34.1760 40.3609 54.3783 51.8941 54.8179 55.5788 73.0068 99.0454 100.4042 135.5323 167.7260 169.6644 151.0000 139.8070 168.7602 173.6692 153.0555 126.8109 117.2774 115.1173 85.7030 74.5252 81.5966 87.2812 99.2824 104.0096 82.6620 75.0000 83.4506 90.7855 70.0928 62.2013 68.7095 52.1177 40.9298 31.7648 25.2389 0.0000 5.3852
4.4721 8.0623 43.3244 38.0132 45.2548 58.8218 55.9464 58.1893 58.4637 75.1066 101.3163 102.0784 137.1787 169.0710 171.2921 153.0817 142.4114 171.2921 176.8219 156.6046 130.3840 120.3038 117.8855 88.7694 77.6209 85.2350 90.8240 103.3538 108.4666 87.2009 79.6492 88.3912 95.9010 75.1665 67.4240 74.0945 57.4739 46.3060 37.1214 30.5287 5.3852 0.0000
