202
0.0000 16.3500 17.4307 19.8111 19.2526 21.1741 21.9922 20.9402 25.1218 25.2471 27.7698 25.1802 22.1675 21.3388 23.5235 18.1168 26.6827 27.8549 27.1485 26.0355 27.3094 31.1730 33.0948 33.1734 35.0258 27.7560 30.6542 30.9640 31.7673 23.7123 26.2315 25.9473 27.6044 28.1050 29.7410 31.6648 31.9348 33.3744 34.6143 33.6706 33.3525 32.3531 31.2454 31.8725 32.6579 33.6490 32.8633 33.3894 33.8006 35.3973 24.8450 27.1669 28.4898 26.2255 26.8807 28.8477 28.1430 27.7863 28.1443 28.8120 28.9193 29.5385 28.7167 27.9072 29.2695 30.5320 33.2265 31.0227 22.1789 22.6601 24.8785 26.0762 25.2974 26.9324 37.2743 58.0365 58.9046 52.6203 57.6937 54.3656 52.7647 54.8769 44.0123 38.1542 37.3982 42.1198 42.0371 42.3755 45.7739 48.5764 47.9251 40.1273 39.8288 41.8046 37.3081 38.4291 39.2394 40.9865 35.6865 37.8532 39.5829 41.4025 34.0424 34.9572 34.5759 34.6820 35.3457 35.2414 35.3518 35.3674 35.5015 37.3157 38.7085 39.4885 40.0353 40.1344 41.1489 34.0624 36.0826 35.8322 36.9752 38.3122 35.5806 36.2268 39.2061 38.2497 32.6644 32.9946 33.9121 34.2107 35.1124 37.9074 39.7102 41.0113 42.9516 41.7900 33.6667 35.3991 37.2326 38.4164 39.6669 34.6459 37.2355 37.0424 38.1722 34.4450 37.9123 39.6889 40.9196 42.0769 42.6447 40.7355 40.4602 38.6151 39.7554 42.7471 46.9078 46.1321 44.4875 46.8471 48.6759 50.9529 44.5339 46.1861 46.7088 49.6792 40.4539 41.6164 45.2083 43.3723 43.7850 47.8297 45.5305 47.8120 44.3733 46.3163 47.2144 49.5891 53.6272 50.1388 51.3887 51.9100 54.2020 40.6285 40.4219 41.7612 42.0814 44.0714 46.2421 43.7498 46.8442 45.0572 48.8435 50.0664 53.2548 52.9037 45.0010 48.0500 46.8454 48.8302 50.5397 58.6667
16.3500 0.0000 2.7750 3.6905 3.5864 5.2277 5.8171 4.7068 8.7928 8.9007 11.5350 9.0446 5.9519 5.5122 8.0330 4.8648 10.3406 11.5060 11.0873 10.6411 11.4552 15.0872 16.9798 17.0563 18.7788 12.4436 14.9690 15.2960 15.9696 10.9170 12.3034 11.6513 12.9422 14.2149 15.1343 16.9271 16.5911 18.1835 19.2782 18.6974 18.7280 17.9456 17.0205 17.7556 18.4114 19.2566 18.7250 19.3822 19.6471 21.2969 12.8078 14.1722 15.0561 14.1698 14.4968 15.6932 15.8061 16.1949 16.4055 16.7203 16.9369 17.9136 18.1434 17.7965 18.8571 19.9532 23.0867 23.7251 13.1344 13.9875 15.0578 16.3067 16.6774 28.5121 49.5362 70.4581 45.5887 39.7882 43.4408 39.7648 38.1254 40.0323 31.4592 26.0607 24.8424 28.7659 28.0684 27.8236 31.4744 34.1518 33.1995 26.0941 25.6018 27.3354 22.8508 23.8868 24.8153 26.2927 21.0538 23.1021 24.5899 26.2838 19.3359 20.1101 19.8163 20.0708 20.6487 20.5915 20.6854 20.7103 20.8217 22.3668 23.4783 24.3355 24.8124 24.7698 25.8052 18.9803 21.0010 20.5833 21.6692 22.8543 20.3062 20.7720 23.6397 22.5854 17.0078 17.3524 18.2553 18.6857 19.4987 22.1160 23.8812 25.2208 27.0771 25.8307 17.7525 19.4464 21.2130 22.3618 23.5931 18.5848 21.1097 20.8460 21.9651 18.0964 21.5951 23.3429 24.5846 25.7358 26.2952 24.4121 24.1664 22.2929 23.5679 27.6929 31.6984 30.7888 29.1185 31.2283 33.0612 35.3529 28.9773 30.4316 30.9185 33.9064 24.8833 26.0726 29.4127 27.6040 27.8772 31.8411 29.4953 31.7308 28.2568 30.1743 31.0149 33.4215 37.4475 33.9109 35.1460 35.6203 37.8981 24.5937 24.3116 25.6480 25.8154 27.7999 30.0005 27.4358 30.5041 28.7139 32.5145 33.7292 36.9303 36.5654 28.6551 31.7000 30.5213 32.5211 34.3223 42.4309
17.4307 2.7750 0.0000 4.7673 5.2627 6.2285 6.3516 5.2940 8.5752 8.3432 10.4707 7.8347 5.0259 3.9400 6.1294 2.1140 9.9574 10.8947 9.7429 8.7070 9.8796 13.7566 15.6811 15.7602 17.6786 10.4834 13.2658 13.5821 14.3556 8.2099 9.8217 9.2553 10.6943 11.7605 12.9005 14.7616 14.6875 16.2161 17.3889 16.6393 16.5416 15.6820 14.6933 15.4081 16.1063 17.0021 16.3940 17.0247 17.3297 18.9810 10.0659 11.5488 12.5192 11.4449 11.8045 13.1173 13.1254 13.4587 13.6807 14.0263 14.2356 15.1938 15.3768 15.0220 16.0891 17.1937 20.3247 20.9862 10.4303 11.2900 12.2903 13.5349 13.9392 26.4765 48.8353 69.6733 43.2189 37.3228 41.2657 37.6764 36.0442 38.0219 28.9225 23.4403 22.2692 26.3410 25.7671 25.6771 29.2727 31.9950 31.1301 23.7966 23.3505 25.1616 20.6458 21.7148 22.6138 24.1832 18.8903 20.9933 22.5785 24.3311 17.1831 18.0144 17.6863 17.8921 18.5036 18.4300 18.5302 18.5522 18.6722 20.3256 21.5610 22.3883 22.8980 22.9216 23.9509 16.9701 19.0047 18.6591 19.7784 21.0463 18.3926 18.9532 21.8949 20.8967 15.2939 15.6303 16.5468 16.8965 17.7673 20.5125 22.3088 23.6228 25.5436 24.3651 16.2402 17.9705 19.8019 20.9864 22.2377 17.2187 19.8168 19.6510 20.7837 17.4648 20.6545 22.5380 23.7005 24.8800 25.5235 23.8792 23.7279 21.7832 23.3442 25.7200 29.8032 28.9505 27.2875 29.5330 31.3670 33.6545 27.2421 28.8179 29.3293 32.3095 23.1448 24.3226 27.8250 25.9949 26.3705 30.4043 28.1003 30.3814 26.9467 28.8930 29.8076 32.1697 36.2089 32.7429 34.0005 34.5638 36.8722 23.1977 22.9966 24.3356 24.7281 26.7189 28.8598 26.4605 29.6239 27.8601 31.5768 32.8246 35.9668 35.6599 27.9748 30.9286 29.9466 31.9854 33.9681 42.0121
19.8111 3.6905 4.7673 0.0000 1.0845 1.5606 2.1823 1.1691 5.3898 5.7480 8.6770 6.5442 3.7165 4.3187 6.6413 6.5460 6.9741 8.2542 8.5624 8.9675 9.1924 12.3568 14.1642 14.2362 15.7403 10.6750 12.6929 13.0222 13.5417 11.0865 11.5993 10.7776 11.6619 13.3354 13.7167 15.3114 14.5452 16.1900 17.1376 16.8392 17.0993 16.4905 15.7289 16.4864 17.0304 17.7482 17.3919 18.0919 18.2615 19.8720 13.0851 13.8073 14.3685 14.2736 14.4090 15.1031 15.6152 16.3059 16.4341 16.5651 16.8134 17.8703 18.5042 18.3566 19.2253 20.1846 23.2987 24.7953 14.5606 15.4244 15.9798 17.1200 17.8419 31.2235 53.1484 74.0506 44.0662 38.5296 41.5293 37.7185 36.0757 37.8585 30.4622 25.4052 24.0355 27.4857 26.5113 25.9670 29.6844 32.2581 31.1614 24.5524 23.9715 25.5341 21.1708 22.1279 23.0983 24.3883 19.3287 21.2415 22.5434 24.1242 17.6292 18.2832 18.0566 18.3950 18.8982 18.8723 18.9526 18.9823 19.0757 20.4033 21.3022 22.1922 22.6134 22.4756 23.5070 17.0353 18.9891 18.4673 19.4829 20.5309 18.1799 18.4987 21.2201 20.1084 14.6784 15.0242 15.8858 16.4150 17.1315 19.5411 21.2460 22.5999 24.3642 23.0558 15.1519 16.7686 18.4356 19.5316 20.7280 15.8046 18.2139 17.8617 18.9547 14.7224 18.3921 20.0304 21.3163 22.4410 22.9436 20.9385 20.6501 18.8188 19.9716 25.5485 29.4027 28.4202 26.7541 28.6706 30.4899 32.7732 26.4873 27.7822 28.2377 31.2155 22.4393 23.6300 26.7412 24.9723 25.1280 28.9908 26.6183 28.7956 25.3067 27.1851 27.9558 30.3888 34.3869 30.8053 32.0173 32.4213 34.6695 21.7589 21.3995 22.7207 22.6898 24.6558 26.8914 24.2140 27.2017 25.4021 29.2424 30.4306 33.6611 33.2587 25.2400 28.3257 27.0457 29.0221 30.7471 38.8684
19.2526 3.5864 5.2627 1.0845 0.0000 1.9331 2.8860 2.1030 6.1858 6.6546 9.6349 7.5846 4.7999 5.3635 7.7207 7.1981 7.7641 9.0865 9.5844 10.0508 10.2428 13.3220 15.1029 15.1736 16.6106 11.7536 13.7295 14.0582 14.5561 12.0689 12.6628 11.8481 12.7458 14.4107 14.8008 16.3905 15.6004 17.2470 18.1796 17.9052 18.1767 17.5732 16.8134 17.5709 18.1141 18.8291 18.4761 19.1762 19.3448 20.9541 14.0647 14.8533 15.4364 15.2775 15.4328 16.1668 16.6512 17.3148 17.4517 17.6001 17.8460 18.8977 19.4901 19.3170 20.2117 21.1884 24.3089 25.6915 15.3642 16.2298 16.8800 18.0410 18.7073 31.7204 53.1107 74.0381 45.1399 39.6122 42.5775 38.7548 37.1123 38.8801 31.5463 26.4800 25.1150 28.5690 27.5871 27.0258 30.7462 33.3109 32.2014 25.6295 25.0450 26.5971 22.2434 23.1955 24.1678 25.4444 20.4001 22.3032 23.5885 25.1558 18.7028 19.3496 19.1272 19.4695 19.9686 19.9444 20.0239 20.0538 20.1463 21.4578 22.3348 23.2275 23.6419 23.4922 24.5220 18.0949 20.0409 19.5099 20.5167 21.5460 19.2219 19.5234 22.2201 21.1009 15.7033 16.0485 16.9025 17.4437 18.1460 20.5174 22.2078 23.5625 25.3050 23.9841 16.1332 17.7305 19.3715 20.4523 21.6374 16.7466 19.1203 18.7432 19.8253 15.4508 19.1935 20.7769 22.0820 23.1916 23.6637 21.5844 21.2626 19.4688 20.5048 26.5808 30.4129 29.4206 27.7564 29.6387 31.4538 33.7337 27.4696 28.7329 29.1812 32.1542 23.4338 24.6233 27.6882 25.9296 26.0595 29.8928 27.5157 29.6741 26.1849 28.0489 28.7957 31.2351 35.2203 31.6256 32.8278 33.2033 35.4368 22.6743 22.2948 23.6094 23.5130 25.4689 27.7147 24.9957 27.9415 26.1396 29.9947 31.1687 34.4106 33.9902 25.9189 29.0254 27.6806 29.6368 31.2901 39.4189
21.1741 5.2277 6.2285 1.5606 1.9331 0.0000 1.0934 1.1199 4.3417 4.9359 7.9680 6.1920 3.9015 4.9633 6.9244 7.8705 5.9002 7.2497 8.0852 8.9673 8.8535 11.6457 13.3724 13.4406 14.7875 10.5609 12.2494 12.5737 12.9950 11.8101 11.9620 11.0913 11.7625 13.5789 13.7029 15.1721 14.1960 15.8448 16.7026 16.5560 16.9284 16.4124 15.7400 16.4967 16.9806 17.6281 17.3602 18.0718 18.1943 19.7693 13.8008 14.2599 14.6749 14.9021 14.9611 15.4382 16.1065 16.9057 17.0002 17.0570 17.3146 18.3901 19.1727 19.1003 19.8893 20.7878 23.8701 25.6753 15.6382 16.4954 16.8773 17.9671 18.8013 32.6034 54.7090 75.6110 43.8131 38.4109 41.0955 37.2264 35.5860 37.3020 30.4887 25.6075 24.1808 27.3975 26.2981 25.6107 29.3438 31.8570 30.6921 24.3578 23.7379 25.2076 20.9332 21.8439 22.8281 24.0168 19.0852 20.9134 22.1112 23.6236 17.4130 17.9992 17.8091 18.1856 18.6463 18.6363 18.7090 18.7408 18.8243 20.0297 20.8108 21.7119 22.1011 21.9136 22.9368 16.7048 18.6030 18.0315 19.0005 19.9662 17.7415 17.9781 20.5979 19.4620 14.1708 14.5125 15.3395 15.9176 16.5724 18.8434 20.5026 21.8570 23.5604 22.2219 14.4804 16.0337 17.6269 18.6836 19.8521 15.0168 17.3344 16.9287 17.9982 13.5364 17.3114 18.8664 20.1790 21.2820 21.7436 19.6519 19.3296 17.5369 18.5813 25.0484 28.8073 27.7900 26.1326 27.9375 29.7436 32.0161 25.7992 27.0014 27.4377 30.4013 21.7961 22.9810 25.9515 24.2120 24.3002 28.0920 25.7108 27.8476 24.3600 26.2090 26.9352 29.3788 33.3528 29.7499 30.9455 31.3050 33.5314 20.8958 20.4915 21.7975 21.6427 23.5906 25.8424 23.0995 26.0266 24.2243 28.0841 29.2528 32.4982 32.0718 23.9896 27.0994 25.7475 27.7039 29.3658 37.4936
21.9922 5.8171 6.3516 2.1823 2.8860 1.0934 0.0000 1.1236 3.3016 3.8469 6.8761 5.1339 3.1100 4.3804 6.0769 7.7666 4.8782 6.2068 7.0005 7.9838 7.7860 10.5558 12.2914 12.3602 13.7392 9.5363 11.1633 11.4869 11.9024 11.1448 11.1016 10.2140 10.7983 12.6605 12.6966 14.1310 13.1187 14.7668 15.6150 15.4862 15.8784 15.3841 14.7365 15.4918 15.9586 16.5883 16.3424 17.0561 17.1664 18.7315 13.1182 13.4308 13.7785 14.1628 14.1797 14.5515 15.2898 16.1429 16.2190 16.2377 16.4991 17.5811 18.4421 18.4149 19.1544 20.0169 23.0769 25.0663 15.2107 16.0584 16.3019 17.3525 18.2654 32.4723 55.0890 75.9620 42.7404 37.3619 40.0051 36.1338 34.4934 36.2086 29.4763 24.6524 23.2078 26.3582 25.2347 24.5280 28.2620 30.7694 29.6005 23.2984 22.6720 24.1282 19.8680 20.7711 21.7570 22.9329 18.0200 19.8352 21.0226 22.5312 16.3538 16.9283 16.7441 17.1270 17.5800 17.5727 17.6441 17.6762 17.7581 18.9466 19.7190 20.6205 21.0085 20.8201 21.8434 15.6282 17.5191 16.9434 17.9093 18.8728 16.6533 16.8855 19.5053 18.3702 13.0794 13.4207 14.2465 14.8262 15.4791 17.7545 19.4182 20.7728 22.4845 21.1506 13.3890 14.9474 16.5502 17.6137 18.7880 13.9361 16.2701 15.8765 16.9527 12.5815 16.3076 17.9020 19.2016 20.3157 20.7999 18.7656 18.4708 16.6466 17.7912 23.9559 27.7144 26.6981 25.0403 26.8532 28.6609 30.9350 24.7106 25.9228 26.3619 29.3281 20.7044 21.8896 24.8739 23.1303 23.2283 27.0349 24.6552 26.8026 23.3139 25.1716 25.9120 28.3526 32.3354 28.7397 29.9419 30.3203 32.5570 19.8295 19.4347 20.7447 20.6275 22.5829 24.8290 22.1123 25.0699 23.2687 27.1190 28.2981 31.5360 31.1224 23.0780 26.1726 24.8709 26.8438 28.5653 36.6862
20.9402 4.7068 5.2940 1.1691 2.1030 1.1199 1.1236 0.0000 4.2251 4.5869 7.5402 5.5016 2.9063 3.8601 5.9261 6.8256 5.8085 7.0851 7.4864 8.0966 8.1675 11.2255 13.0186 13.0900 14.5748 9.7522 11.6380 11.9661 12.4546 10.7113 10.9532 10.0974 10.8539 12.6152 12.8505 14.3852 13.5276 15.1760 16.0910 15.8509 16.1605 15.5954 14.8786 15.6366 16.1500 16.8339 16.5211 17.2278 17.3736 18.9680 12.7051 13.2264 13.6896 13.8241 13.9011 14.4438 15.0637 15.8356 15.9383 16.0149 16.2700 17.3412 18.0890 18.0027 18.8068 19.7191 22.8103 24.5616 14.5214 15.3780 15.7609 16.8553 17.6820 31.5616 53.9779 74.8565 43.1014 37.6252 40.4922 36.6603 35.0181 36.7794 29.6294 24.6699 23.2661 26.5930 25.5596 24.9552 28.6801 31.2312 30.1097 23.6081 23.0096 24.5339 20.2055 21.1434 22.1201 23.3699 18.3595 20.2384 21.5016 23.0595 16.6704 17.2959 17.0846 17.4400 17.9250 17.9060 17.9831 18.0137 18.1029 19.3819 20.2392 21.1334 21.5442 21.3907 22.4201 16.0279 17.9619 17.4216 18.4218 19.4442 17.1330 17.4244 20.1172 18.9985 13.6048 13.9497 14.8014 15.3465 16.0443 18.4181 20.1135 21.4679 23.2206 21.9067 14.0324 15.6358 17.2893 18.3792 19.5720 14.6608 17.0568 16.6984 17.7895 13.5632 17.2233 18.8668 20.1501 21.2766 21.7843 19.7985 19.5214 17.6782 18.8752 24.4845 28.3102 27.3177 25.6534 27.5424 29.3591 31.6404 25.3691 26.6437 27.0956 30.0713 21.3313 22.5209 25.6007 23.8373 23.9803 27.8331 25.4592 27.6324 24.1433 26.0194 26.7876 29.2212 33.2184 29.6362 30.8482 31.2532 33.5025 20.6049 20.2396 21.5593 21.5207 23.4867 25.7223 23.0461 26.0385 24.2394 28.0773 29.2674 32.4962 32.0964 24.0896 27.1699 25.9074 27.8900 29.6417 37.7583
25.1218 8.7928 8.5752 5.3898 6.1858 4.3417 3.3016 4.2251 0.0000 1.0723 3.8575 3.1791 3.7223 5.2203 5.4450 9.3885 1.5847 2.9085 4.3918 6.2902 5.3782 7.4352 9.0828 9.1485 10.4459 7.4328 8.3799 8.6866 8.9549 10.7982 9.9035 8.9804 9.0471 11.0962 10.6064 11.7584 10.4274 12.0469 12.7565 12.8463 13.4092 13.0845 12.6174 13.3488 13.6945 14.1890 14.1011 14.8192 14.8453 16.3227 12.6094 12.2838 12.2918 13.3848 13.2215 13.0914 14.1419 15.2089 15.2042 15.0539 15.3267 16.4143 17.5908 17.7449 18.2721 18.9709 21.8946 24.5868 15.5412 16.3341 16.0947 16.9755 18.1525 33.4673 57.3335 78.1179 39.9795 34.7945 37.0414 33.1170 31.4817 33.1314 27.1679 22.6941 21.1633 23.8902 22.5899 21.6967 25.4330 27.8604 26.6201 20.6947 20.0173 21.3370 17.2342 18.0618 19.0583 20.0917 15.4002 17.0738 18.1187 19.5415 13.8023 14.2635 14.1371 14.5728 14.9537 14.9705 15.0293 15.0641 15.1299 16.1325 16.7543 17.6630 18.0133 17.7738 18.7847 12.9151 14.7029 14.0684 14.9678 15.8333 13.7780 13.9076 16.4062 15.2536 10.1623 10.4928 11.2646 11.8972 12.4697 14.5960 16.2200 17.5722 19.2439 17.8958 10.2785 11.7700 13.3157 14.3560 15.5164 10.7229 12.9995 12.5871 13.6573 9.3426 13.0133 14.6418 15.9267 17.0516 17.5624 15.6203 15.3770 13.5007 14.8421 20.9607 24.6162 23.5720 21.9250 23.6502 25.4477 27.7135 21.5422 22.6916 23.1199 26.0771 17.5820 18.7587 21.6388 19.9144 19.9746 23.7513 21.3697 23.5070 20.0190 21.8721 22.6105 25.0510 29.0345 25.4409 26.6456 27.0356 29.2806 16.5624 16.1510 17.4559 17.3275 19.2854 21.5293 18.8276 21.8135 20.0146 23.8527 25.0424 28.2714 27.8717 19.8833 22.9528 21.7301 23.7284 25.5579 33.6540
25.2471 8.9007 8.3432 5.7480 6.6546 4.9359 3.8469 4.5869 1.0723 0.0000 3.0383 2.1228 3.3313 4.7092 4.5328 8.9266 1.6547 2.6107 3.3855 5.2214 4.3401 6.7098 8.4532 8.5230 9.9960 6.3712 7.4600 7.7744 8.1114 9.8411 8.8504 7.9281 7.9749 10.0245 9.5516 10.7422 9.4827 11.1154 11.8783 11.8921 12.4147 12.0592 11.5688 12.3039 12.6650 13.1822 13.0692 13.7877 13.8262 15.3207 11.6171 11.2279 11.2209 12.3575 12.1777 12.0206 13.0828 14.1630 14.1522 13.9917 14.2648 15.3516 16.5479 16.7185 17.2258 17.9127 20.8282 23.5710 14.6721 15.4506 15.1305 15.9848 17.1959 32.6925 56.9211 77.6628 39.0807 33.8385 36.2254 32.3288 30.6903 32.3807 26.1569 21.6398 20.1156 22.9068 21.6486 20.8167 24.5542 27.0161 25.8103 19.7408 19.0768 20.4416 16.2850 17.1359 18.1300 19.2145 14.4448 16.1641 17.2668 18.7337 12.8269 13.3191 13.1763 13.5993 13.9994 14.0097 14.0720 14.1062 14.1764 15.2410 15.9312 16.8369 17.2077 16.9989 18.0183 11.9831 13.8104 13.1994 14.1311 15.0528 12.9087 13.0890 15.6675 14.5284 9.3060 9.6427 10.4448 11.0502 11.6677 13.9078 15.5736 16.9284 18.6531 17.3295 9.5460 11.1012 12.7188 13.7980 14.9866 10.0978 12.4706 12.1140 13.2092 9.2203 12.7125 14.4425 15.6867 16.8354 17.3988 15.5940 15.4078 13.4844 15.0036 20.1567 23.8790 22.8563 21.2003 23.0083 24.8178 27.0938 20.8638 22.0858 22.5300 25.5010 16.8621 18.0461 21.0390 19.2887 19.4052 23.2465 20.8723 23.0478 19.5590 21.4405 22.2237 24.6518 28.6576 25.0882 26.3093 26.7477 29.0148 16.0213 15.6527 16.9729 16.9753 18.9504 21.1735 18.5509 21.6039 19.8132 23.6183 24.8295 28.0356 27.6653 19.7802 22.8065 21.6895 23.7110 25.6367 33.7002
27.7698 11.5350 10.4707 8.6770 9.6349 7.9680 6.8761 7.5402 3.8575 3.0383 0.0000 2.6443 5.6081 6.5420 5.0678 10.5298 2.8211 1.9106 1.3360 4.0860 2.2933 3.6877 5.4952 5.5687 7.2582 4.3744 4.5583 4.8547 5.0990 9.4921 7.6748 6.8296 6.2362 8.3214 7.2906 8.1471 6.6281 8.2239 8.9000 9.0519 9.7034 9.5027 9.1971 9.8885 10.1287 10.5190 10.5457 11.2554 11.2202 12.6261 10.9345 9.8976 9.5252 11.3429 10.9860 10.3097 11.6438 12.8917 12.7997 12.4751 12.7485 13.8008 15.2674 15.6102 15.8939 16.4036 19.1295 22.4778 14.6372 15.3235 14.5433 15.1924 16.6163 32.8707 58.2331 78.8305 36.1249 30.9813 33.2015 29.2951 27.6573 29.3424 23.4764 19.2496 17.6686 20.1290 18.7649 17.8395 21.5756 24.0077 22.7831 16.8861 16.1930 17.4827 13.4231 14.2253 15.2231 16.2343 11.6010 13.2268 14.2632 15.7049 10.0450 10.4512 10.3498 10.8084 11.1538 11.1809 11.2340 11.2698 11.3285 12.2782 12.9086 13.8161 14.1778 13.9616 14.9803 9.0906 10.8494 10.2109 11.1160 12.0161 9.9205 10.0634 12.6306 11.4941 6.3050 6.6362 7.4188 8.0416 8.6351 10.8868 12.5734 13.9279 15.6888 14.3895 6.5134 8.0958 9.7649 10.8780 12.0918 7.1311 9.5912 9.3110 10.4313 7.1828 10.1847 12.0815 13.2301 14.4109 15.0700 13.5832 13.5332 11.5410 13.4617 17.1267 20.8414 19.8221 18.1646 20.0037 21.8192 24.1002 17.8421 19.1054 19.5612 22.5403 13.8283 15.0138 18.0642 16.2972 16.4579 20.3559 17.9947 20.2094 16.7294 18.6410 19.4825 21.8865 25.9136 22.3871 23.6291 24.1409 26.4373 13.1103 12.7917 14.1246 14.3120 16.3016 18.4816 16.0014 19.1534 17.3900 21.1130 22.3565 25.5109 25.1927 17.5499 20.4677 19.5738 21.6302 23.7580 31.7082
25.1802 9.0446 7.8347 6.5442 7.5846 6.1920 5.1339 5.5016 3.1791 2.1228 2.6443 0.0000 3.0974 3.9000 2.7084 7.9168 3.3570 3.5620 2.0572 3.1258 2.6692 6.0442 7.9463 8.0237 9.8550 4.4531 6.1488 6.4782 7.0257 7.8229 6.7278 5.8054 5.9250 7.9435 7.6441 9.0042 8.0279 9.6770 10.5953 10.3685 10.7451 10.2736 9.6822 10.4309 10.8587 11.4617 11.2501 11.9671 12.0549 13.6060 9.5429 9.1062 9.1311 10.2454 10.0561 9.9293 10.9630 12.0407 12.0296 11.8750 12.1477 13.2354 14.4262 14.6057 15.1033 15.7924 18.7184 21.4654 12.7784 13.5301 13.0880 13.9076 15.1611 30.9177 55.7538 76.4071 37.6266 32.2283 34.9933 31.1745 29.5317 31.3201 24.3825 19.7017 18.2099 21.2299 20.1061 19.4551 23.1820 25.7299 24.6184 18.1664 17.5464 19.0382 14.7416 15.6594 16.6410 17.8687 12.8936 14.7425 16.0039 17.5806 11.2216 11.8127 11.6175 11.9945 12.4553 12.4443 12.5174 12.5491 12.6333 13.8805 14.7584 15.6480 16.0714 15.9456 16.9789 10.5315 12.4604 11.9255 12.9390 14.0042 11.6377 11.9606 14.7216 13.6304 8.1420 8.4884 9.3606 9.8741 10.6087 13.1126 14.8598 16.2057 18.0404 16.7866 8.7297 10.4083 12.1685 13.3206 14.5561 9.5418 12.0856 11.8638 12.9925 9.7762 12.8210 14.7257 15.8704 17.0528 17.7142 16.1936 16.1150 14.1331 15.9478 19.0048 22.8794 21.9146 20.2456 22.2449 24.0735 26.3634 20.0251 21.4128 21.8914 24.8787 15.9519 17.1439 20.3869 18.5881 18.8357 22.7975 20.4554 22.7009 19.2355 21.1645 22.0391 24.4262 28.4607 24.9591 26.2086 26.7455 29.0486 15.5515 15.2850 16.6235 16.9105 18.9015 21.0624 18.6269 21.7910 20.0308 23.7424 24.9901 28.1345 27.8252 20.1913 23.1116 22.2062 24.2595 26.3548 34.3293
22.1675 5.9519 5.0259 3.7165 4.7999 3.9015 3.1100 2.9063 3.7223 3.3313 5.6081 3.0974 0.0000 1.5372 3.0261 5.6668 4.9698 5.8694 5.1500 5.2510 5.6163 9.1360 11.0284 11.1050 12.8660 6.9680 9.1500 9.4800 10.0879 8.0483 8.0620 7.1971 7.9657 9.7089 10.0015 11.6014 10.9178 12.5527 13.5540 13.1691 13.3934 12.7742 12.0176 12.7754 13.3142 14.0341 13.6767 14.3779 14.5450 16.1561 10.0138 10.3602 10.7869 11.0535 11.0808 11.5447 12.2103 13.0384 13.1206 13.1603 13.4191 14.4971 15.3326 15.3079 16.0452 16.9156 19.9851 21.9826 12.3048 13.1365 13.2465 14.2714 15.2363 29.9405 53.6345 74.4044 40.3667 34.8132 37.9034 34.1319 32.4890 34.3200 26.7592 21.7654 20.3680 23.7692 22.8078 22.3137 26.0202 28.6209 27.5664 20.8460 20.2744 21.8679 17.4771 18.4485 19.4129 20.7448 15.6390 17.5819 18.9392 20.5647 13.9336 14.6100 14.3702 14.6966 15.2119 15.1808 15.2635 15.2924 15.3890 16.7688 17.7441 18.6226 19.0676 18.9734 20.0087 13.3869 15.3657 14.8784 15.9248 17.0395 14.5941 14.9773 17.7830 16.7041 11.1725 11.5191 12.4064 12.8859 13.6548 16.2021 17.9545 19.2990 21.1377 19.8826 11.8237 13.5056 15.2627 16.4099 17.6415 12.6333 15.1610 14.9118 16.0353 12.4535 15.7537 17.5821 18.7783 19.9473 20.5600 18.8607 18.7025 16.7611 18.3327 21.9853 25.9113 24.9650 23.2947 25.3305 27.1606 29.4512 23.1007 24.5074 24.9877 27.9751 19.0188 20.2105 23.4828 21.6819 21.9329 25.8896 23.5435 25.7812 22.3098 24.2318 25.0870 27.4854 31.5157 27.9948 29.2371 29.7429 32.0346 18.6420 18.3626 19.6997 19.9180 21.9069 24.0897 21.5863 24.7069 22.9301 26.6884 27.9214 31.0946 30.7591 22.9869 25.9704 24.9377 26.9715 28.9422 36.9889
21.3388 5.5122 3.9400 4.3187 5.3635 4.9633 4.3804 3.8601 5.2203 4.7092 6.5420 3.9000 1.5372 0.0000 2.5534 4.2177 6.3639 7.1214 5.8117 5.1381 6.0214 9.8343 11.7566 11.8354 13.7387 6.9383 9.4945 9.8187 10.5349 6.8514 7.3127 6.5236 7.5849 9.1054 9.7362 11.4726 11.0794 12.6721 13.7687 13.1982 13.2768 12.5487 11.6885 12.4382 13.0465 13.8456 13.3824 14.0624 14.2855 15.9250 8.8462 9.4907 10.0953 9.9850 10.0966 10.8147 11.2966 12.0081 12.1263 12.2467 12.4955 13.5546 14.2395 14.1428 14.9585 15.8908 18.9959 20.7197 10.8556 11.6971 11.9346 13.0083 13.8870 28.4080 52.2124 72.9563 40.2145 34.5256 37.9551 34.2593 32.6192 34.5202 26.3318 21.1585 19.8270 23.4776 22.6628 22.3375 26.0058 28.6644 27.6928 20.6902 20.1677 21.8597 17.3968 18.4153 19.3555 20.7972 15.5844 17.6096 19.0793 20.7720 13.8664 14.6182 14.3363 14.6111 15.1726 15.1224 15.2133 15.2394 15.3470 16.8606 17.9680 18.8237 19.3028 19.2695 20.3043 13.4723 15.4904 15.0718 16.1607 17.3613 14.7952 15.2747 18.1655 17.1304 11.5344 11.8770 12.7863 13.1929 14.0238 16.6986 18.4822 19.8100 21.7031 20.4970 12.3773 14.0973 15.9104 17.0864 18.3339 13.3109 15.8968 15.7169 16.8490 13.6074 16.7207 18.6208 19.7704 20.9524 21.6085 20.0304 19.9145 17.9497 19.6319 22.1807 26.1930 25.2935 23.6241 25.7782 27.6127 29.9039 23.5107 25.0175 25.5172 28.5031 19.4123 20.5988 24.0111 22.1899 22.5198 26.5311 24.2124 26.4825 23.0363 24.9778 25.8804 28.2505 32.2889 28.8118 30.0673 30.6248 32.9325 19.3059 19.0842 20.4237 20.7889 22.7798 24.9248 22.5218 25.6908 23.9308 27.6388 28.8885 32.0273 31.7231 24.0757 27.0089 26.0721 28.1193 30.1620 38.1718
23.5235 8.0330 6.1294 6.6413 7.7207 6.9244 6.0769 5.9261 5.4450 4.5328 5.0678 2.7084 3.0261 2.5534 0.0000 5.6504 5.9998 6.2623 3.9818 2.6154 3.8457 7.8201 9.7337 9.8137 11.8725 4.4170 7.1389 7.4537 8.2439 5.3696 5.0377 4.1717 5.0583 6.7006 7.1892 8.9196 8.5982 10.1665 11.2978 10.6646 10.7238 9.9995 9.1574 9.9103 10.5038 11.2939 10.8453 11.5308 11.7425 13.3787 7.2413 7.3539 7.7635 8.1586 8.1233 8.5190 9.2135 10.1000 10.1591 10.1609 10.4228 11.5059 12.4322 12.4792 13.1367 13.9604 17.0054 19.2550 10.1431 10.9180 10.6652 11.5871 12.7151 28.2282 53.1660 73.7772 37.6638 31.9960 35.4124 31.7330 30.0941 32.0151 23.8457 18.7685 17.3944 20.9461 20.1103 19.7945 23.4566 26.1223 25.1688 18.1380 17.6143 19.3124 14.8444 15.8664 16.8041 18.2601 13.0345 15.0701 16.5665 18.2805 11.3163 12.0781 11.7897 12.0592 12.6247 12.5724 12.6642 12.6899 12.7986 14.3366 15.4885 16.3329 16.8253 16.8208 17.8531 10.9530 12.9787 12.5869 13.6912 14.9318 12.3145 12.8395 15.7692 14.7672 9.1646 9.5009 10.4174 10.7739 11.6386 14.3900 16.1898 17.4985 19.4291 18.2711 10.1555 11.8923 13.7445 14.9412 16.1970 11.2041 13.8271 13.7335 14.8654 12.2352 14.9569 16.9568 18.0183 19.2129 19.9376 18.6056 18.5847 16.5871 18.5252 19.6829 23.7261 22.8504 21.1841 23.4049 25.2392 27.5273 21.1174 22.6900 23.2034 26.1821 17.0190 18.1988 21.6999 19.8682 20.2614 24.3103 22.0245 24.3202 20.9121 22.8676 23.8213 26.1516 30.1895 26.7716 28.0396 28.6615 30.9849 17.1338 16.9742 18.3089 18.8507 20.8333 22.9198 20.6644 23.8910 22.1659 25.7806 27.0508 30.1300 29.8721 22.4621 25.2921 24.5349 26.5997 28.7894 36.6939
18.1168 4.8648 2.1140 6.5460 7.1981 7.8705 7.7666 6.8256 9.3885 8.9266 10.5298 7.9168 5.6668 4.2177 5.6504 0.0000 10.5812 11.3066 9.5843 7.9932 9.4910 13.4701 15.3813 15.4613 17.5183 9.6628 12.6358 12.9337 13.7888 6.3815 8.3571 7.9308 9.5252 10.2967 11.6994 13.6098 13.8224 15.2597 16.4979 15.5808 15.3431 14.4050 13.3521 14.0339 14.7756 15.7214 15.0296 15.6228 15.9726 17.6125 8.1362 9.8357 10.9280 9.5465 9.9688 11.4623 11.3022 11.5266 11.7717 12.1748 12.3698 13.2895 13.3616 12.9685 14.0683 15.1977 18.3187 18.8732 8.3202 9.1812 10.1944 11.4481 11.8258 24.7369 47.9948 68.7444 41.7190 35.7244 39.9715 36.4761 34.8549 36.8976 27.2527 21.6727 20.5687 24.8115 24.3795 24.4559 27.9797 30.7400 29.9665 22.4216 22.0284 23.9142 19.3905 20.4882 21.3499 23.0082 17.6941 19.8391 21.5145 23.3150 16.0150 16.8999 16.5381 16.6883 17.3310 17.2401 17.3463 17.3649 17.4931 19.2476 20.5997 21.3907 21.9296 22.0183 23.0344 15.9587 17.9855 17.7177 18.8593 20.1974 17.4647 18.1144 21.1000 20.1644 14.6107 14.9332 15.8481 16.1130 17.0289 19.8647 21.6728 22.9523 24.9185 23.8101 15.7345 17.4719 19.3390 20.5425 21.7993 16.8315 19.4594 19.3815 20.5127 17.6927 20.5887 22.5633 23.6505 24.8432 25.5497 24.1078 24.0306 22.0499 23.8125 24.6760 28.8163 28.0220 26.3740 28.7367 30.5637 32.8384 26.4200 28.1005 28.6317 31.5915 22.3460 23.5042 27.1367 25.2976 25.7645 29.8384 27.5834 29.8925 26.5115 28.4712 29.4446 31.7567 35.7909 32.3989 33.6700 34.3058 36.6308 22.7145 22.5870 23.9170 24.5002 26.4817 28.5587 26.3134 29.5350 27.8035 31.4304 32.6995 35.7801 35.5219 28.0568 30.9207 30.1001 32.1584 34.2716 42.2379
26.6827 10.3406 9.9574 6.9741 7.7641 5.9002 4.8782 5.8085 1.5847 1.6547 2.8211 3.3570 4.9698 6.3639 5.9998 10.5812 0.0000 1.3845 3.7603 6.1710 4.8200 6.1131 7.6490 7.7107 8.9003 6.9607 7.3511 7.6361 7.7732 11.1755 9.8777 8.9720 8.7315 10.8245 10.0242 10.9631 9.4279 11.0017 11.5997 11.8491 12.5233 12.3161 11.9731 12.6771 12.9402 13.3401 13.3559 14.0677 14.0397 15.4458 12.8602 12.2152 12.0348 13.4846 13.2320 12.8323 14.0341 15.1954 15.1488 14.9114 15.1860 16.2608 17.5867 17.8305 18.2443 18.8511 21.6778 24.7071 16.1249 16.8828 16.4263 17.2143 18.5023 34.2239 58.5757 79.3165 38.8088 33.7485 35.7438 31.7870 30.1566 31.7593 26.2946 22.0449 20.4733 22.9320 21.5252 20.5119 24.2400 26.6096 25.3226 19.6642 18.9566 20.1804 16.2026 16.9745 17.9730 18.9055 14.3914 15.9563 16.8960 18.2519 12.8557 13.2338 13.1487 13.6162 13.9444 13.9775 14.0273 14.0636 14.1178 14.9834 15.4927 16.4032 16.7244 16.4471 17.4457 11.8646 13.5617 12.8885 13.7322 14.5183 12.6000 12.6503 15.0420 13.8787 8.9881 9.3052 10.0240 10.6936 11.1964 13.1873 14.7723 16.1200 17.7531 16.3921 8.9342 10.3541 11.8389 12.8528 13.9964 9.2758 11.4833 11.0462 12.1054 7.7681 11.4307 13.0594 14.3422 15.4683 15.9850 14.0766 13.8556 11.9592 13.3904 19.6635 23.2369 22.1729 20.5365 22.1894 23.9771 26.2345 20.1121 21.2069 21.6250 24.5723 16.1960 17.3632 20.1512 18.4458 18.4705 22.2132 19.8298 21.9523 18.4661 20.3096 21.0372 23.4797 27.4584 23.8615 25.0642 25.4511 27.6959 15.0467 14.6156 15.9131 15.7497 17.7048 19.9510 17.2430 20.2312 18.4329 22.2689 23.4601 26.6877 26.2903 18.3184 21.3793 20.1838 22.1908 24.0629 32.1446
27.8549 11.5060 10.8947 8.2542 9.0865 7.2497 6.2068 7.0851 2.9085 2.6107 1.9106 3.5620 5.8694 7.1214 6.2623 11.3066 1.3845 0.0000 3.1509 5.8377 4.1758 4.7821 6.2693 6.3302 7.5380 6.2816 6.2023 6.4673 6.5130 11.1280 9.5028 8.6326 8.1346 10.2244 9.1820 9.9445 8.2757 9.8070 10.3336 10.6813 11.4273 11.3058 11.0591 11.7362 11.9358 12.2653 12.3554 13.0582 12.9915 14.3418 12.6772 11.7658 11.4301 13.1633 12.8372 12.2165 13.5312 14.7612 14.6797 14.3718 14.6456 15.7019 17.1430 17.4610 17.7768 18.3042 21.0398 24.3362 16.2077 16.9280 16.2798 16.9807 18.3579 34.4060 59.2556 79.9383 37.5098 32.5144 34.3933 30.4264 28.7978 30.3871 25.1688 21.0781 19.4818 21.7579 20.2905 19.2149 22.9362 25.2790 23.9743 18.4518 17.7278 18.8978 14.9967 15.7340 16.7319 17.6093 13.2050 14.7008 15.5844 16.9099 11.7163 12.0385 11.9803 12.4665 12.7592 12.8027 12.8464 12.8836 12.9303 13.7125 14.1648 15.0751 15.3837 15.0921 16.0860 10.6621 12.2985 11.6056 12.4189 13.1692 11.3189 11.3284 13.6754 12.5096 7.7239 8.0313 8.7172 9.4043 9.8700 11.8099 13.3887 14.7360 16.3701 15.0113 7.5813 8.9764 10.4545 11.4716 12.6202 7.8931 10.1054 9.6805 10.7488 6.6115 10.1415 11.8380 13.0930 14.2355 14.7899 12.9983 12.8332 10.8943 12.5111 18.3176 21.8639 20.7957 19.1618 20.8049 22.5927 24.8506 18.7299 19.8233 20.2428 23.1922 14.8229 15.9875 18.7679 17.0613 17.0899 20.8462 18.4639 20.5986 17.1106 18.9649 19.7109 22.1490 26.1385 22.5519 23.7631 24.1759 26.4339 13.6690 13.2467 14.5491 14.4366 16.4016 18.6385 15.9720 19.0037 17.2108 21.0253 22.2307 25.4439 25.0654 17.1700 20.1968 19.0871 21.1135 23.0744 31.1202
27.1485 11.0873 9.7429 8.5624 9.5844 8.0852 7.0005 7.4864 4.3918 3.3855 1.3360 2.0572 5.1500 5.8117 3.9818 9.5843 3.7603 3.1509 0.0000 2.7500 1.0612 4.0273 5.9464 6.0250 7.9609 3.2035 4.1649 4.4903 4.9814 8.1636 6.3609 5.5044 5.0115 7.1072 6.2834 7.3666 6.1321 7.7761 8.6199 8.5260 9.0292 8.6944 8.2631 8.9837 9.3066 9.8001 9.7151 10.4326 10.4535 11.9369 9.5996 8.6151 8.3170 10.0266 9.6880 9.1098 10.3873 11.6104 11.5313 11.2373 11.5115 12.5746 13.9931 14.3124 14.6293 15.1744 17.9512 21.1862 13.3171 13.9966 13.2084 13.8659 15.2820 31.5524 57.0810 77.6400 35.7556 30.4632 33.0198 29.1750 27.5329 29.2973 22.7778 18.3471 16.7982 19.5218 18.2863 17.5277 21.2623 23.7733 22.6275 16.3694 15.7166 17.1316 12.9190 13.7920 14.7825 15.9324 11.0750 12.8414 14.0306 15.5732 9.4454 9.9603 9.8034 10.2185 10.6309 10.6363 10.7011 10.7347 10.8084 11.9462 12.7534 13.6489 14.0579 13.9132 14.9449 8.6408 10.5186 9.9497 10.9369 11.9689 9.6601 9.9391 12.6723 11.5762 6.1189 6.4641 7.3236 7.8602 8.5700 11.0555 12.8045 14.1496 15.9907 14.7460 6.6739 8.3592 10.1349 11.2974 12.5392 7.5173 10.0882 9.9081 11.0410 8.2913 11.0063 12.9840 14.0678 15.2597 15.9683 14.6327 14.6309 12.6294 14.6526 16.9983 20.8421 19.8687 18.2006 20.1878 22.0163 24.3062 17.9698 19.3576 19.8380 22.8255 13.9000 15.0919 18.3330 16.5323 16.7899 20.7654 18.4312 20.6883 17.2330 19.1706 20.0688 22.4408 26.4787 23.0009 24.2576 24.8275 27.1404 13.5245 13.2805 14.6200 14.9941 16.9839 19.1170 16.7602 19.9626 18.2232 21.8803 23.1410 26.2531 25.9700 18.4853 21.3366 20.5533 22.6180 24.8173 32.7122
26.0355 10.6411 8.7070 8.9675 10.0508 8.9673 7.9838 8.0966 6.2902 5.2214 4.0860 3.1258 5.2510 5.1381 2.6154 7.9932 6.1710 5.8377 2.7500 0.0000 1.9646 5.7340 7.5675 7.6467 9.8325 1.8028 4.6426 4.9422 5.8011 5.4397 3.7077 2.8102 2.8311 4.8183 4.7552 6.3743 5.9882 7.5511 8.6895 8.0601 8.1754 7.5241 6.7822 7.5401 8.0638 8.7910 8.4289 9.1331 9.2940 10.9071 6.8535 6.0502 6.0056 7.3409 7.0621 6.8042 7.8858 9.0248 8.9842 8.7826 9.0565 10.1404 11.4162 11.6695 12.0766 12.7142 15.6080 18.5487 10.6116 11.2717 10.4616 11.1430 12.5368 28.8433 54.7336 75.2029 35.1475 29.5626 32.8184 29.1239 27.4844 29.4001 21.5339 16.6771 15.2240 18.5183 17.5861 17.2016 20.8774 23.5276 22.5585 15.6189 15.0689 16.7286 12.2842 13.2881 14.2361 15.6592 10.4608 12.4722 13.9522 15.6656 8.7449 9.4813 9.2059 9.4974 10.0444 9.9995 10.0881 10.1150 10.2196 11.7257 12.8759 13.7183 14.2129 14.2180 15.2489 8.3399 10.3640 9.9737 11.0820 12.3393 9.7024 10.2462 13.1947 12.2163 6.6309 6.9595 7.8769 8.1942 9.0801 11.8816 13.6883 14.9791 16.9336 15.8169 7.7581 9.4921 11.3661 12.5736 13.8293 8.9135 11.5419 11.5370 12.6557 10.7390 12.9722 15.0486 16.0092 17.2054 17.9919 16.9228 17.0000 14.9982 17.1728 17.0676 21.1154 20.2478 18.5832 20.8368 22.6698 24.9550 18.5394 20.1512 20.6733 23.6444 14.4446 15.6193 19.1734 17.3369 17.7763 21.8464 19.5911 21.9023 18.5349 20.4965 21.4910 23.7817 27.8118 24.4496 25.7254 26.4011 28.7326 14.7297 14.6268 15.9501 16.6526 18.6158 20.6400 18.5317 21.7951 20.1126 23.6226 24.9069 27.9236 27.7075 20.5531 23.2677 22.6868 24.7568 27.0772 34.8516
27.3094 11.4552 9.8796 9.1924 10.2428 8.8535 7.7860 8.1675 5.3782 4.3401 2.2933 2.6692 5.6163 6.0214 3.8457 9.4910 4.8200 4.1758 1.0612 1.9646 0.0000 3.9841 5.8903 5.9703 8.0650 2.1423 3.5342 3.8640 4.5185 7.3903 5.3968 4.5739 3.9622 6.0561 5.2449 6.4142 5.3602 7.0087 7.9509 7.7025 8.1195 7.7216 7.2422 7.9711 8.3254 8.8640 8.7291 9.4476 9.4925 11.0072 8.7136 7.6043 7.2647 9.0640 8.6948 8.0556 9.3563 10.5985 10.5086 10.1966 10.4705 11.5293 12.9752 13.3183 13.6042 14.1307 16.8942 20.1847 12.5668 13.2156 12.3180 12.9289 14.3837 30.7930 56.6379 77.1359 34.9604 29.5921 32.3370 28.5349 26.8919 28.7063 21.8273 17.3240 15.7862 18.6164 17.4490 16.7877 20.5135 23.0681 21.9738 15.5155 14.8861 16.3692 12.0820 12.9919 13.9749 15.2030 10.2341 12.0734 13.3521 14.9540 8.5730 9.1461 8.9582 9.3467 9.7941 9.7872 9.8582 9.8903 9.9721 11.2156 12.1322 13.0149 13.4533 13.3583 14.3938 7.8624 9.7981 9.2791 10.3123 11.4270 8.9927 9.3612 12.1886 11.1304 5.5630 5.9091 6.8047 7.2697 8.0511 10.6790 12.4608 13.7898 15.6830 14.4878 6.3631 8.0911 9.9255 11.1153 12.3694 7.3640 9.9834 9.8905 11.0216 8.7871 11.1791 13.2208 14.2343 15.4309 16.1857 15.0176 15.0719 13.0685 15.2136 16.3761 20.2962 19.3573 17.6866 19.7750 21.6086 23.9002 17.5225 18.9986 19.4964 22.4827 13.4302 14.6204 17.9902 16.1706 16.5024 20.5260 18.2211 20.5060 17.0831 19.0356 19.9796 22.3178 26.3567 22.9282 24.1953 24.8163 27.1404 13.3203 13.1395 14.4761 15.0101 16.9908 19.0741 16.8385 20.0782 18.3674 21.9506 23.2247 26.2910 26.0416 18.7321 21.5074 20.8417 22.9111 25.1884 33.0101
31.1730 15.0872 13.7566 12.3568 13.3220 11.6457 10.5558 11.2255 7.4352 6.7098 3.6877 6.0442 9.1360 9.8343 7.8201 13.4701 6.1131 4.7821 4.0273 5.7340 3.9841 0.0000 1.9250 2.0044 4.1010 4.6935 2.3079 2.3845 1.9294 10.7900 8.2425 7.6660 6.3033 8.0050 6.1447 6.0934 4.0166 5.3035 5.6225 6.2382 7.2007 7.3935 7.5286 8.0560 8.0114 8.0801 8.4249 9.0671 8.8714 10.0095 11.7021 9.9263 9.0490 11.6546 11.0931 9.7185 11.3403 12.7314 12.5310 11.9906 12.2446 13.1764 14.9522 15.5143 15.4760 15.7087 18.0559 22.1689 15.8959 16.4473 15.1701 15.5304 17.1528 33.9528 60.4209 80.8254 32.7329 27.8073 29.6336 25.6893 24.0560 25.6967 20.6859 17.0500 15.4014 17.1791 15.5967 14.4420 18.1582 20.4994 19.2115 13.8051 13.0516 14.1379 10.3818 11.0429 12.0360 12.8377 8.6562 9.9862 10.8042 12.1391 7.3349 7.4822 7.5025 8.0347 8.2198 8.2911 8.3176 8.3565 8.3820 8.9757 9.3837 10.2941 10.6114 10.3450 11.3518 6.1110 7.5801 6.8572 7.6389 8.4100 6.5744 6.5464 8.9723 7.8243 3.0604 3.3311 3.9462 4.6556 5.0881 7.2000 8.8892 10.2432 12.0260 10.7507 2.8440 4.4118 6.1275 7.2766 8.5145 3.4977 6.0625 5.9166 7.0497 5.4752 7.2382 9.3206 10.2790 11.4756 12.2580 11.2922 11.4458 9.4675 11.8589 13.5518 17.1839 16.1502 14.4976 16.3169 18.1339 20.4164 14.1560 15.4291 15.8921 18.8752 10.1564 11.3383 14.3919 12.6159 12.8085 16.7538 14.4115 16.6625 13.2056 15.1441 16.0513 18.4163 22.4548 18.9898 20.2510 20.8480 23.1687 9.5072 9.2532 10.5927 11.0308 13.0144 15.1177 12.8549 16.0987 14.3968 17.9665 19.2409 22.3101 22.0576 14.8208 17.5449 16.9629 19.0325 21.3940 29.1233
33.0948 16.9798 15.6811 14.1642 15.1029 13.3724 12.2914 13.0186 9.0828 8.4532 5.4952 7.9463 11.0284 11.7566 9.7337 15.3813 7.6490 6.2693 5.9464 7.5675 5.8903 1.9250 0.0000 0.0800 2.3440 6.3409 3.4429 3.3302 2.4043 12.4139 9.7319 9.2561 7.7423 9.1956 7.1072 6.5292 4.3350 5.0952 4.9391 6.0338 7.1915 7.6700 8.0829 8.4706 8.2374 8.0599 8.6217 9.1789 8.8748 9.7446 13.1506 11.1650 10.1193 12.9466 12.3237 10.7078 12.3966 13.8101 13.5685 12.9475 13.1855 14.0363 15.9154 16.5633 16.3830 16.4802 18.5953 23.0395 17.4361 17.9394 16.5087 16.7557 18.4318 35.3362 62.1359 82.4749 31.5061 26.8148 28.1926 24.1947 22.5726 24.1252 20.0708 16.9227 15.2550 16.4641 14.6937 13.2961 16.9557 19.1672 17.7916 13.0157 12.2147 13.0599 9.7129 10.2060 11.1711 11.7134 8.1530 9.1124 9.6289 10.7759 7.1353 7.0207 7.1619 7.7300 7.7500 7.8612 7.8600 7.9000 7.8911 8.0593 8.1342 9.0312 9.2669 8.9043 9.8730 5.7473 6.7665 5.9689 6.5216 7.0253 5.7149 5.4077 7.4402 6.2667 2.9006 2.9908 3.1519 3.9151 3.9856 5.5422 7.1373 8.4899 10.2023 8.8945 1.6293 2.7093 4.2714 5.3876 6.6134 1.6448 4.1424 4.0002 5.1316 4.6077 5.4730 7.5992 8.4675 9.6602 10.4814 9.7524 10.0011 8.0837 10.6471 12.1590 15.6019 14.5272 12.8969 14.5693 16.3718 18.6438 12.4656 13.6327 14.0782 17.0527 8.5631 9.7216 12.5860 10.8397 10.9643 14.8694 12.5166 14.7548 11.2906 13.2248 14.1266 16.4944 20.5325 17.0648 18.3262 18.9286 21.2512 7.6209 7.3391 8.6780 9.1207 11.1005 13.1943 10.9694 14.2282 12.5479 16.0718 17.3510 20.4021 20.1611 13.0572 15.7070 15.2308 17.2958 19.7335 27.3654
33.1734 17.0563 15.7602 14.2362 15.1736 13.4406 12.3602 13.0900 9.1485 8.5230 5.5687 8.0237 11.1050 11.8354 9.8137 15.4613 7.7107 6.3302 6.0250 7.6467 5.9703 2.0044 0.0800 0.0000 2.2719 6.4165 3.5108 3.3940 2.4622 12.4877 9.8024 9.3294 7.8121 9.2573 7.1632 6.5679 4.3751 5.1120 4.9349 6.0484 7.2121 7.7011 8.1239 8.5060 8.2659 8.0789 8.6487 9.2020 8.8938 9.7516 13.2191 11.2273 10.1766 13.0102 12.3854 10.7621 12.4526 13.8664 13.6235 12.9999 13.2372 14.0849 15.9672 16.6180 16.4327 16.5250 18.6309 23.0869 17.5070 18.0087 16.5733 16.8165 18.4941 35.4011 62.2113 82.5483 31.4648 26.7848 28.1413 24.1409 22.5195 24.0675 20.0586 16.9321 15.2641 16.4483 14.6698 13.2611 16.9171 19.1219 17.7422 12.9976 12.1948 13.0282 9.7022 10.1871 11.1504 11.6800 8.1512 9.0927 9.5940 10.7309 7.1481 7.0223 7.1686 7.7374 7.7502 7.8631 7.8606 7.9006 7.8902 8.0384 8.0965 8.9922 9.2235 8.8560 9.8222 5.7557 6.7521 5.9522 6.4925 6.9813 5.7002 5.3792 7.3876 6.2135 2.9308 3.0124 3.1501 3.9118 3.9629 5.4834 7.0716 8.4238 10.1314 8.8215 1.6190 2.6517 4.1995 5.3125 6.5371 1.5762 4.0642 3.9202 5.0517 4.5762 5.3980 7.5254 8.3901 9.5826 10.4051 9.6854 9.9380 8.0239 10.5934 12.1120 15.5443 14.4675 12.8387 14.5026 16.3042 18.5755 12.4025 13.5632 14.0077 16.9814 8.5065 9.6632 12.5160 10.7717 10.8919 14.7941 12.4405 14.6776 11.2128 13.1466 14.0475 16.4158 20.4538 16.9854 18.2467 18.8487 21.1712 7.5458 7.2615 8.6004 9.0407 11.0205 13.1145 10.8898 14.1488 12.4692 15.9919 17.2713 20.3221 20.0813 12.9812 15.6285 15.1558 17.2205 19.6608 27.2892
35.0258 18.7788 17.6786 15.7403 16.6106 14.7875 13.7392 14.5748 10.4459 9.9960 7.2582 9.8550 12.8660 13.7387 11.8725 17.5183 8.9003 7.5380 7.9609 9.8325 8.0650 4.1010 2.3440 2.2719 0.0000 8.6752 5.7764 5.6426 4.6827 14.7562 12.0731 11.5993 10.0815 11.4800 9.3378 8.5355 6.3953 6.7678 6.2030 7.6339 8.8773 9.5389 10.1081 10.4037 10.0531 9.6987 10.4047 10.8818 10.5020 11.1062 15.4840 13.4542 12.3575 15.2459 14.6064 12.9093 14.6153 16.0313 15.7731 15.1189 15.3477 16.1522 18.0744 18.7608 18.5109 18.5316 20.4831 25.1237 19.7782 20.2762 18.8145 19.0252 20.7169 37.6430 64.4683 84.8179 31.3545 27.0441 27.6881 23.6120 22.0235 23.3876 20.8530 18.2691 16.6054 17.1706 15.1867 13.4669 16.9646 18.9290 17.4123 13.6970 12.8559 13.3404 10.6486 10.9147 11.8078 11.9623 9.3452 9.8215 9.8780 10.6571 8.6701 8.3216 8.5698 9.1395 8.9985 9.1437 9.1148 9.1537 9.1100 8.7700 8.3435 9.1659 9.2465 8.7204 9.5667 7.2347 7.6993 6.8815 7.0660 7.0750 6.6898 6.0421 7.1563 6.0266 4.8788 4.8460 4.6111 5.2720 4.9029 5.1331 6.2981 7.5687 8.9794 7.5787 3.2108 2.8639 3.3340 4.0946 5.1416 1.9593 2.6873 2.1485 3.2151 3.2313 3.1456 5.2591 6.1780 7.3746 8.1654 7.4364 7.7291 5.8691 8.5285 11.9405 14.9276 13.7786 12.2322 13.5027 15.2403 17.4597 11.5932 12.4330 12.8144 15.7258 8.0686 9.1169 11.3726 9.7622 9.6431 13.3137 10.9299 13.0638 9.5748 11.4449 12.2409 14.6605 18.6759 15.1326 16.3716 16.8905 19.1945 6.1995 5.7209 7.0128 7.0564 9.0471 11.2244 8.8001 12.0187 10.3025 13.9200 15.1836 18.2938 18.0104 10.7353 13.4457 12.8974 14.9643 17.3897 25.0437
