96
0.0000 15.7367 19.0720 22.7518 24.6914 25.7162 27.0451 27.5144 30.9753 34.2678 29.7101 36.7490 39.9728 39.1922 40.6209 46.7565 55.3867 57.9226 57.6343 56.6173 56.6423 60.6419 55.6359 53.4594 48.5341 61.8434 62.0587 66.4766 8.4987 6.0519 7.0356 8.5208 20.3897 15.4616 14.7756 11.1836 11.9285 15.3272 21.4409 23.4201 24.9464 25.8661 26.9757 22.1230 25.4103 31.7127 36.5367 38.4201 27.8112 31.6811 33.0301 33.6627 36.3346 42.9216 35.5882 42.7876 42.8053 43.9352 49.7928 50.4829 55.4575 55.7322 57.3857 61.8317 69.6482 65.4046 65.7471 65.9243 43.1159 47.2477 56.8573 58.1140 59.4830 62.2071 63.0875 65.5840 67.1046 68.6182 35.0324 52.8593 52.8644 54.6865 56.1301 62.5164 65.1382 65.4920 65.9201 69.6189 69.6257 68.4774 63.5480 76.6553 77.9923 77.2449 87.7416 80.8280
15.7367 0.0000 4.5114 7.9649 9.5216 10.5705 12.2364 12.2842 16.5425 20.1127 21.2636 23.0993 26.7118 26.4801 28.7018 35.5072 44.8844 47.5212 47.5943 46.4318 47.9380 53.0960 49.2265 47.7696 43.0314 55.2865 57.0199 60.6735 10.0054 13.8085 14.8247 16.5504 16.8562 17.2617 18.8317 18.8372 19.8702 22.3939 25.4740 25.7226 27.2940 27.4062 28.0008 21.0938 22.7420 28.4966 32.8186 34.2338 28.5712 31.3290 35.3016 34.1733 36.1540 41.1902 37.0843 44.3046 44.3260 43.5968 50.3434 48.9852 54.3669 54.1130 55.0639 59.4170 65.8149 63.3664 64.1937 64.4473 46.2666 50.8267 58.0090 59.3739 61.3203 64.9568 64.9356 66.4749 68.8263 71.7081 44.7215 65.2762 58.6398 59.8619 62.3236 66.4915 68.8598 69.3428 70.5413 73.5972 74.5608 73.8316 70.1097 77.8926 78.0064 75.9361 87.0714 77.6145
19.0720 4.5114 0.0000 8.5983 9.2453 10.1632 12.0859 11.5151 16.3962 19.9928 23.9461 23.2296 26.9635 27.0785 29.6504 36.5813 46.0972 48.7353 48.9501 47.7479 49.7720 55.2341 51.7395 50.4918 45.8701 57.6876 59.7999 63.2264 14.3528 17.9944 19.1006 20.9039 20.8928 21.7378 23.3408 23.2787 24.3175 26.8940 29.9340 30.0862 31.6384 31.6847 32.2223 25.2662 26.6458 32.1305 36.2503 37.5388 32.7564 35.3362 39.5428 38.2419 40.1064 44.8363 41.2284 48.3807 48.4024 47.4338 54.2456 52.5802 57.9832 57.6394 58.4522 62.7518 68.8053 66.7456 67.6582 67.9242 50.5019 55.0770 61.9426 63.3145 65.3269 69.0587 68.9269 70.3278 72.7848 75.8261 49.2225 69.6592 63.0351 64.2124 66.7370 70.7193 73.0550 73.5498 74.8189 77.8058 78.8573 78.1645 74.5320 81.7499 81.6743 79.3827 90.5897 80.6720
22.7518 7.9649 8.5983 0.0000 2.1125 3.0315 4.3467 4.8283 8.5853 12.1478 15.9588 15.1632 18.8144 18.7119 21.1418 28.0485 37.5409 40.1806 40.3701 39.1733 41.1875 46.7104 43.3860 42.2811 37.7744 49.2629 51.6054 54.8725 15.3208 19.3408 19.9500 21.1858 15.7323 18.9900 21.1829 22.7282 23.6476 25.3208 26.4907 25.8403 27.2129 26.8970 27.1486 20.2944 20.6865 25.3234 28.9832 30.0542 27.5109 29.3885 34.3614 32.4245 33.8977 37.8416 35.6171 42.4257 42.4479 40.8233 47.7300 45.4192 50.8250 50.3264 50.9203 55.1259 60.7687 59.1661 60.2005 60.4846 45.1189 49.7095 55.4509 56.8327 59.0138 63.0175 62.5507 63.5918 66.3001 69.8038 47.0208 68.6648 58.3995 59.2777 62.2079 65.1352 67.3265 67.8653 69.4335 72.1064 73.5431 73.0436 70.0242 74.9802 74.5131 71.8620 83.1522 72.6765
24.6914 9.5216 9.2453 2.1125 0.0000 1.0500 2.8573 2.8246 7.2144 10.8273 16.6527 14.0088 17.7313 17.8409 20.4776 27.4218 36.9598 39.5929 39.8625 38.6463 40.9591 46.6468 43.5751 42.6149 38.2172 49.3543 51.9336 55.0410 17.3947 21.4203 22.0484 23.2967 17.4774 21.0101 23.2322 24.8357 25.7517 27.3883 28.3959 27.6391 28.9740 28.5963 28.7904 22.0148 22.1798 26.5039 29.9489 30.9097 29.1143 30.8097 35.9408 33.8626 35.2195 38.8765 37.0919 43.7853 43.8076 41.9879 48.9051 46.3600 51.7532 51.1880 51.6759 55.8242 61.2063 59.8817 60.9753 61.2677 46.6148 51.1971 56.6161 57.9983 60.2289 64.3064 63.7402 64.6593 67.4492 71.0883 48.9980 70.7135 60.0243 60.8414 63.8471 66.5423 68.6939 69.2433 70.8830 73.4752 75.0043 74.5489 71.6574 76.0205 75.4021 72.5900 83.9095 73.1289
25.7162 10.5705 10.1632 3.0315 1.0500 0.0000 1.9402 1.8042 6.2414 9.8496 16.4562 13.0665 16.8011 16.9752 19.6757 26.6215 36.1665 38.7956 39.0930 37.8708 40.2930 46.0429 43.0809 42.1867 37.8440 48.8139 51.4966 54.5311 18.3523 22.3720 22.9731 24.1836 17.9054 21.6813 23.9394 25.6607 26.5633 28.1202 28.9373 28.0880 29.3908 28.9657 29.1171 22.4116 22.4170 26.5371 29.8538 30.7534 29.4130 30.9831 36.2146 34.0430 35.3242 38.8080 37.2931 43.9060 43.9283 41.9911 48.9094 46.2331 51.6158 51.0152 51.4471 55.5638 60.8158 59.6283 60.7519 61.0484 46.8228 51.3970 56.6104 57.9923 60.2514 64.3724 63.7461 64.5937 67.4298 71.1496 49.6020 71.4051 60.3172 61.0901 64.1495 66.6827 68.8079 69.3640 71.0501 73.5889 75.1782 74.7530 71.9533 75.9360 75.2343 72.3385 83.6701 72.7415
27.0451 12.2364 12.0859 4.3467 2.8573 1.9402 0.0000 1.6791 4.3639 7.9760 15.1472 11.1531 14.8798 15.0351 17.7444 24.6895 34.2356 36.8635 37.1698 35.9455 38.4241 44.2179 41.3544 40.5287 36.2505 47.0418 49.8250 52.7855 19.4082 23.3914 23.8978 24.9852 17.6590 21.9299 24.2620 26.2786 27.1418 28.4877 28.8652 27.8269 29.0612 28.5449 28.6144 22.0721 21.7770 25.5311 28.6405 29.4496 28.8570 30.1979 35.5955 33.2626 34.4130 37.6185 36.5423 43.0078 43.0302 40.9064 47.8192 44.9506 50.3146 49.6652 50.0221 54.0960 59.1913 58.1674 59.3293 59.6311 46.0700 50.6253 55.4989 56.8794 59.1811 63.3682 62.6479 63.3878 66.2915 70.1343 49.6273 71.6184 59.7038 60.3961 63.5507 65.7987 67.8791 68.4459 70.2087 72.6573 74.3465 73.9731 71.3382 74.6982 73.8803 70.8756 82.2199 71.1174
27.5144 12.2842 11.5151 4.8283 2.8246 1.8042 1.6791 0.0000 5.0202 8.5376 16.8074 11.8431 15.5921 15.9440 18.7914 25.7171 35.2606 37.8772 38.2379 37.0035 39.6626 45.5350 42.7947 42.0280 37.7948 48.4306 51.3107 54.2025 20.1462 24.1628 24.7492 25.9340 19.1759 23.2304 25.5240 27.3596 28.2496 29.7269 30.3237 29.3577 30.6158 30.1273 30.2193 23.6256 23.4107 27.2098 30.3095 31.1040 30.4752 31.8594 37.2297 34.9240 36.0879 39.2890 38.2000 44.6824 44.7047 42.5843 49.4968 46.6064 51.9661 51.3054 51.6398 55.6973 60.7097 59.7709 60.9466 61.2502 47.7291 52.2874 57.1751 58.5554 60.8592 65.0472 64.3247 65.0546 67.9654 71.8134 51.0500 72.9523 61.3399 62.0472 65.1841 67.4730 69.5562 70.1225 71.8796 74.3345 76.0165 75.6373 72.9754 76.3599 75.5173 72.4770 83.8254 72.6343
30.9753 16.5425 16.3962 8.5853 7.2144 6.2414 4.3639 5.0202 0.0000 3.6129 14.0879 6.8457 10.5922 10.9349 13.8450 20.7439 30.2783 32.8884 33.2782 32.0384 34.8693 40.8586 38.4105 37.8430 33.8173 43.8991 47.0541 49.7328 23.0421 26.9353 27.3010 28.1917 19.1446 24.2517 26.6759 29.1763 29.9639 30.9251 30.4524 29.0346 30.1015 29.3914 29.2742 23.2267 22.2608 25.0036 27.4814 28.0125 29.3900 30.1595 35.8936 33.1953 34.0011 36.4246 36.5121 42.5527 42.5749 39.9755 46.8287 43.4387 48.7208 47.9314 48.0608 51.9870 56.5596 56.0671 57.3424 57.6594 45.9590 50.4415 54.4141 55.7853 58.1930 62.5407 61.5737 62.0169 65.0977 69.2586 51.2435 73.5442 59.8631 60.3595 63.7311 65.2731 67.2334 67.8260 69.7779 71.9915 73.9293 73.6856 71.4567 73.2101 72.0621 68.7384 80.1020 68.4640
34.2678 20.1127 19.9928 12.1478 10.8273 9.8496 7.9760 8.5376 3.6129 0.0000 14.0940 3.3493 7.0800 7.7023 10.8190 17.5699 27.0445 29.6297 30.0992 28.8480 32.0079 38.1563 36.1045 35.7785 32.0172 41.3843 44.8634 47.2791 26.1704 29.9795 30.2475 30.9972 20.9017 26.4860 28.9417 31.7584 32.4860 33.1622 32.0646 30.3774 31.2999 30.4493 30.1872 24.6353 23.1799 25.0311 26.9148 27.1912 30.2007 30.4962 36.4299 33.4651 33.9744 35.7038 36.7733 42.4049 42.4269 39.4469 46.1979 42.3820 47.5606 46.6538 46.5838 50.3621 54.4592 54.4337 55.8030 56.1320 46.0729 50.4672 53.6619 55.0190 57.5063 61.9729 60.8010 60.9905 64.2117 68.6285 52.7216 75.1992 60.1275 60.4604 63.9985 64.9492 66.8026 67.4149 69.5190 71.5300 73.6703 73.5352 71.6487 72.0516 70.6252 67.0356 78.3926 66.3155
29.7101 21.2636 23.9461 15.9588 16.6527 16.4562 15.1472 16.8074 14.0879 14.0940 0.0000 13.7018 14.7276 12.9522 12.6727 17.5416 25.7070 28.2222 27.9267 26.9077 27.2707 31.9994 27.9628 26.5675 21.9244 34.0353 35.8624 39.4148 21.3496 23.9904 23.5918 23.4206 10.3085 16.7427 19.0184 22.9429 23.3184 22.7376 19.7124 17.4655 18.0654 16.9994 16.5317 12.2722 9.7977 10.9779 13.5256 14.3078 16.4197 16.4087 22.3890 19.3711 19.9660 22.5091 22.6802 28.4847 28.5069 25.9332 32.8163 29.8050 35.1751 34.5590 35.0246 39.1909 44.8811 43.2416 44.3228 44.6150 32.0148 36.4476 40.4525 41.8296 44.1886 48.4849 47.6113 48.2532 51.2056 55.2192 39.6083 62.2499 46.0402 46.4145 49.9116 51.1860 53.1488 53.7397 55.6975 57.9096 59.8496 59.6298 57.5783 59.5525 58.7782 55.9469 67.2598 56.7694
36.7490 23.0993 23.2296 15.1632 14.0088 13.0665 11.1531 11.8431 6.8457 3.3493 13.7018 0.0000 3.7490 4.4605 7.6792 14.2861 23.7246 26.3013 26.7957 25.5414 28.8523 35.0816 33.2948 33.1453 29.6076 38.4201 42.1102 44.3439 28.4807 32.1635 32.3150 32.8990 21.8733 27.8274 30.2867 33.4094 34.0669 34.4382 32.7233 30.7934 31.5665 30.5921 30.1961 25.1989 23.3100 24.2968 25.6101 25.6558 30.1131 29.9635 36.0201 32.8372 33.0710 34.1690 36.1066 41.3278 41.3494 38.0525 44.6774 40.5192 45.5897 44.5910 44.3614 48.0128 51.7503 52.0677 53.5060 53.8436 45.2098 49.5036 52.0086 53.3494 55.8963 60.4514 59.1097 59.0892 62.4182 67.0388 53.1150 75.7082 59.3436 59.5277 63.2058 63.6296 65.3864 66.0142 68.2452 70.0775 72.3878 72.3476 70.7692 70.0225 68.3801 64.5946 75.9329 63.5576
39.9728 26.7118 26.9635 18.8144 17.7313 16.8011 14.8798 15.5921 10.5922 7.0800 14.7276 3.7490 0.0000 2.0698 4.9521 10.8652 20.1558 22.7021 23.2667 22.0065 25.6352 31.9902 30.6486 30.7727 27.5975 35.5040 39.5113 41.4571 31.6031 35.1659 35.2206 35.6611 23.9361 30.1380 32.5756 35.9491 36.5396 36.6282 34.3325 32.1798 32.7899 31.6986 31.1664 26.8135 24.5253 24.5468 25.1484 24.9009 30.9813 30.3432 36.4652 33.0707 32.9818 33.2957 36.2597 40.9538 40.9749 37.3186 43.7385 39.1700 44.0690 42.9535 42.5105 45.9720 49.1883 49.9896 51.5175 51.8656 45.0620 49.2128 50.8655 52.1803 54.7919 59.4410 57.8920 57.6048 61.0614 65.9247 54.3174 76.9648 59.2191 59.2292 63.0577 62.8559 64.4900 65.1350 67.5136 69.1243 71.6354 71.7090 70.4980 68.3456 66.4239 62.3822 73.6763 60.9013
39.1922 26.4801 27.0785 18.7119 17.8409 16.9752 15.0351 15.9440 10.9349 7.7023 12.9522 4.4605 2.0698 0.0000 3.2608 9.8688 19.3667 21.9663 22.4035 21.1548 24.3934 30.6419 29.0156 29.0151 25.7116 34.0309 37.8607 39.9675 30.7549 34.2053 34.1858 34.5245 22.4660 28.7572 31.1746 34.6735 35.2240 35.1666 32.6379 30.4164 30.9764 29.8553 29.2894 25.1448 22.7348 22.5437 23.0815 22.8320 29.0805 28.3500 34.4752 31.0538 30.9317 31.2330 34.2307 38.8863 38.9074 35.2512 41.6822 37.1545 42.0829 40.9890 40.5939 44.1093 47.5244 48.1401 49.6419 49.9871 43.0036 47.1469 48.8285 50.1463 52.7517 57.3928 55.8649 55.6167 59.0536 63.8872 52.4707 75.1209 57.1598 57.1623 60.9967 60.7926 62.4338 63.0777 65.4488 67.0726 69.5717 69.6414 68.4314 66.3970 64.5435 60.5807 71.8930 59.2868
40.6209 28.7018 29.6504 21.1418 20.4776 19.6757 17.7444 18.7914 13.8450 10.8190 12.6727 7.6792 4.9521 3.2608 0.0000 6.9459 16.4912 19.1199 19.4466 18.2138 21.1947 27.4024 25.7716 25.8303 22.6609 30.7710 34.6235 36.7068 32.1281 35.3751 35.2306 35.3869 22.7689 29.1831 31.5370 35.2704 35.7374 35.3676 32.2717 29.8642 30.2602 29.0457 28.3621 24.9166 22.1737 21.0957 21.0300 20.5598 28.0630 26.9113 33.0207 29.4577 29.0758 28.8007 32.5374 36.7578 36.7783 32.8900 39.1615 34.4043 39.2304 38.0804 37.5881 41.0242 44.2928 45.0392 46.5731 46.9221 41.0200 45.0419 46.1683 47.4690 50.1068 54.7949 53.1519 52.7649 56.2629 61.2218 51.5551 74.1779 55.1431 55.0220 58.9536 58.3319 59.8961 60.5494 63.0073 64.4955 67.1119 67.2525 66.2873 63.4472 61.4803 57.4318 68.7294 56.0406
46.7565 35.5072 36.5813 28.0485 27.4218 26.6215 24.6895 25.7171 20.7439 17.5699 17.5416 14.2861 10.8652 9.8688 6.9459 0.0000 9.5474 12.1741 12.5397 11.2957 14.8432 21.3002 20.7370 21.4777 19.3919 25.0295 29.5465 30.9872 38.2669 41.2737 40.9904 40.9288 27.8384 34.2570 36.4800 40.4754 40.8239 40.0144 36.0752 33.4061 33.4941 32.1414 31.2544 29.1521 25.9780 23.2515 21.6997 20.6180 30.7877 28.7874 34.6505 30.8702 29.8549 27.9012 33.6122 36.5558 36.5743 32.0851 37.6749 32.1736 36.4741 35.0949 34.1382 37.0877 39.1999 40.9636 42.6687 43.0356 41.1329 44.7440 44.0688 45.2884 48.0133 52.8194 50.7737 49.8383 53.5547 58.9496 54.0165 76.4021 54.9595 54.4915 58.6584 56.7879 58.0820 58.7616 61.4864 62.5116 65.5019 65.8684 65.6452 60.0131 57.4982 52.9608 64.1094 50.6928
55.3867 44.8844 46.0972 37.5409 36.9598 36.1665 34.2356 35.2606 30.2783 27.0445 25.7070 23.7246 20.1558 19.3667 16.4912 9.5474 0.0000 2.6403 3.1868 1.9443 7.6763 13.9937 16.0033 18.0197 18.2608 18.2830 23.8658 23.9596 46.9625 49.6971 49.2730 48.9864 35.6990 41.9531 43.9958 48.1881 48.4065 47.1466 42.4104 39.5573 39.3120 37.8699 36.8068 36.1792 32.7383 28.5782 25.5896 23.9467 36.1830 33.3688 38.5961 34.7789 33.0771 29.1346 36.9468 38.0943 38.1090 33.0979 37.3778 31.1353 34.3515 32.6938 31.0485 33.0295 33.0549 36.5067 38.4306 38.8136 42.8616 45.7760 42.5800 43.6328 46.3902 51.2236 48.6428 46.9088 50.8544 56.7696 58.3280 80.0711 55.8276 54.8974 59.2854 55.7131 56.5883 57.2907 60.3399 60.6786 64.1509 64.8323 65.6533 56.0700 52.7530 47.5236 58.2590 43.8438
57.9226 47.5212 48.7353 40.1806 39.5929 38.7956 36.8635 37.8772 32.8884 29.6297 28.2222 26.3013 22.7021 21.9663 19.1199 12.1741 2.6403 0.0000 1.5871 1.5290 7.1186 12.7908 15.8006 18.1660 19.0974 17.1768 23.0436 22.6068 49.5144 52.2036 51.7565 51.4317 38.1369 44.3480 46.3542 50.5737 50.7680 49.4269 44.5520 41.6752 41.3657 39.9138 38.8221 38.4747 35.0034 30.6163 27.3892 25.6622 38.1711 35.2139 40.2625 36.4693 34.6342 30.2825 38.4907 39.2026 39.2163 34.1323 38.0197 31.6573 34.5172 32.7999 30.9701 32.6160 31.9256 35.9230 37.8990 38.2835 43.9756 46.6924 42.8411 43.8375 46.5829 51.3922 48.6736 46.7152 50.7040 56.7403 59.9788 81.5152 56.6427 55.5955 60.0215 56.0038 56.7568 57.4622 60.5889 60.7316 64.3268 65.0941 66.1987 55.5156 51.9615 46.5326 57.0842 42.3821
57.6343 47.5943 48.9501 40.3701 39.8625 39.0930 37.1698 38.2379 33.2782 30.0992 27.9267 26.7957 23.2667 22.4035 19.4466 12.5397 3.1868 1.5871 0.0000 1.2629 5.5336 11.2863 14.2200 16.6163 17.6956 15.6596 21.4850 21.1600 49.2658 51.8614 51.3744 50.9893 37.6968 43.8407 45.7985 50.0485 50.2122 48.7791 43.7744 40.8802 40.5181 39.0601 37.9477 37.8552 34.3567 29.7741 26.3878 24.6148 37.2771 34.2251 39.1596 35.3847 33.4808 28.9581 37.3254 37.8530 37.8663 32.7628 36.5379 30.1546 32.9571 31.2341 29.3901 31.0301 30.4260 34.3456 36.3185 36.7030 42.6242 45.2763 41.2900 42.2791 45.0226 49.8284 47.0979 45.1291 49.1188 55.1600 58.8522 80.2791 55.1945 54.1189 58.5525 54.4537 55.1923 55.8980 59.0329 59.1565 62.7623 63.5390 64.6876 53.9382 50.4073 45.0090 55.6022 40.9820
56.6173 46.4318 47.7479 39.1733 38.6463 37.8708 35.9455 37.0035 32.0384 28.8480 26.9077 25.5414 22.0065 21.1548 18.2138 11.2957 1.9443 1.5290 1.2629 0.0000 6.1372 12.2277 14.7166 16.9507 17.6778 16.5648 22.2774 22.1615 48.2290 50.8707 50.4045 50.0524 36.7566 42.9406 44.9283 49.1599 49.3425 47.9692 43.0576 40.1765 39.8563 38.4032 37.3079 37.0250 33.5441 29.1068 25.8610 24.1333 36.6539 33.6867 38.7352 34.9411 33.1120 28.8097 36.9699 37.7401 37.7540 32.6824 36.6665 30.3354 33.3159 31.6195 29.8603 31.6537 31.3452 35.0449 36.9965 37.3805 42.5133 45.2721 41.6104 42.6271 45.3780 50.1976 47.5302 45.6626 49.6345 55.6229 58.4528 80.0066 55.2490 54.2323 58.6489 54.7671 55.5638 56.2682 59.3677 59.5829 63.1327 63.8694 64.8814 54.6311 51.1973 45.8772 56.5406 42.0217
56.6423 47.9380 49.7720 41.1875 40.9591 40.2930 38.4241 39.6626 34.8693 32.0079 27.2707 28.8523 25.6352 24.3934 21.1947 14.8432 7.6763 7.1186 5.5336 6.1372 0.0000 6.5692 8.6925 11.2002 12.9395 10.6922 16.1908 16.5091 48.4715 50.7165 50.0915 49.4949 36.3414 42.1739 43.9399 48.2658 48.3190 46.5654 41.1291 38.1972 37.6446 36.1785 35.0006 35.8482 32.2980 27.0610 23.1252 21.2078 34.2642 30.8901 35.3484 31.6740 29.5257 24.3783 33.2929 33.1236 33.1354 27.9817 31.3249 24.8791 27.4801 25.7407 23.8616 25.5290 25.4222 28.9082 30.8597 31.2437 37.8705 40.2811 35.8366 36.8040 39.5411 44.3365 41.5771 39.5971 43.5855 49.6303 54.8630 75.8628 50.0725 48.9015 53.3572 48.9997 49.6978 50.4040 53.5610 53.6362 57.2669 58.0694 59.3510 48.4940 45.0911 39.8504 50.6239 36.4057
60.6419 53.0960 55.2341 46.7104 46.6468 46.0429 44.2179 45.5350 40.8586 38.1563 31.9994 35.0816 31.9902 30.6419 27.4024 21.3002 13.9937 12.7908 11.2863 12.2277 6.5692 0.0000 6.2700 9.3983 13.3493 4.3956 10.4588 9.9781 52.7263 54.6266 53.8753 53.0752 40.2553 45.6765 47.2132 51.5609 51.4940 49.4033 43.5341 40.6133 39.8268 38.3842 37.1489 39.1091 35.5897 29.7668 25.2923 23.2839 36.3431 32.6164 36.1936 32.7935 30.3053 24.1368 33.8094 32.1923 32.2001 27.0904 29.0210 22.5421 23.9476 22.1109 19.7935 20.5503 19.1398 23.5089 25.5461 25.9296 36.7644 38.4898 32.3112 33.1095 35.7632 40.4250 37.3728 34.9057 38.9482 45.2045 55.0650 75.0921 47.7687 46.2918 50.7821 45.3268 45.7226 46.4285 49.7376 49.3605 53.2408 54.2359 56.2005 43.0377 39.2601 33.7470 44.3205 29.8791
55.6359 49.2265 51.7395 43.3860 43.5751 43.0809 41.3544 42.7947 38.4105 36.1045 27.9628 33.2948 30.6486 29.0156 25.7716 20.7370 16.0033 15.8006 14.2200 14.7166 8.6925 6.2700 0.0000 3.1398 7.3805 6.2121 8.8680 11.4888 47.9661 49.5893 48.7544 47.8252 35.3471 40.4292 41.8159 46.1483 46.0148 43.7636 37.7362 34.8392 33.9647 32.5413 31.2932 33.7763 30.3194 24.2539 19.6018 17.6002 30.4676 26.6483 29.9933 26.6584 24.1165 17.8679 27.5721 25.9837 25.9921 20.8616 23.1995 16.6926 18.8467 17.0828 15.1702 17.0479 18.5504 20.6422 22.5086 22.8890 30.5977 32.5079 27.2305 28.1634 30.8900 35.6705 32.8853 30.9463 34.9194 40.9400 48.7952 68.9075 42.0067 40.6713 45.1526 40.3815 41.0276 41.7342 44.9170 44.9445 48.5947 49.4268 50.9018 40.1299 37.0754 32.2688 43.3752 30.2716
53.4594 47.7696 50.4918 42.2811 42.6149 42.1867 40.5287 42.0280 37.8430 35.7785 26.5675 33.1453 30.7727 29.0151 25.8303 21.4777 18.0197 18.1660 16.6163 16.9507 11.2002 9.3983 3.1398 0.0000 4.9274 8.6561 9.3246 13.0776 45.9673 47.4076 46.5203 45.5081 33.3089 38.1368 39.4154 43.7254 43.5465 41.1872 35.0564 32.1851 31.2441 29.8399 28.5855 31.4526 28.0607 21.8582 17.1050 15.1358 27.7463 23.8614 26.9793 23.7165 21.1225 14.7581 24.5160 22.8485 22.8571 17.7230 20.2464 13.7549 16.3653 14.6803 13.0928 15.6323 18.7167 19.4862 21.2053 21.5752 27.4734 29.4571 24.6751 25.6780 28.4276 33.2471 30.6232 28.9920 32.8943 38.7536 45.6765 65.7752 39.0482 37.7826 42.2535 37.8382 38.6134 39.3177 42.4247 42.6622 46.1821 46.9290 48.1560 38.6683 36.0209 31.6401 42.9082 30.6255
48.5341 43.0314 45.8701 37.7744 38.2172 37.8440 36.2505 37.7948 33.8173 32.0172 21.9244 29.6076 27.5975 25.7116 22.6609 19.3919 18.2608 19.0974 17.6956 17.6778 12.9395 13.3493 7.3805 4.9274 0.0000 13.4438 13.9932 17.9937 41.0477 42.4822 41.6001 40.6031 28.3876 33.2248 34.5340 38.8538 38.6949 36.3992 30.3557 27.4593 26.5879 25.1622 23.9151 26.5454 23.1401 16.9662 12.2535 10.2639 23.0918 19.2976 22.9352 19.4636 17.0420 11.4440 20.6641 20.2102 20.2226 15.0883 19.1501 13.0803 17.0872 15.7109 14.9512 18.4103 22.9973 22.4603 23.9307 24.2755 24.9709 27.5960 24.8663 26.0343 28.7826 33.6179 31.4237 30.4658 34.1630 39.6089 42.1462 62.9308 37.5852 36.6380 41.0252 37.8315 38.9374 39.6283 42.5087 43.2621 46.4390 46.9604 47.4477 40.8620 38.8321 35.0196 46.3754 34.9145
61.8434 55.2865 57.6876 49.2629 49.3543 48.8139 47.0418 48.4306 43.8991 41.3843 34.0353 38.4201 35.5040 34.0309 30.7710 25.0295 18.2830 17.1768 15.6596 16.5648 10.6922 4.3956 6.2121 8.6561 13.4438 0.0000 6.2001 5.9615 54.1755 55.7957 54.9536 54.0062 41.5591 46.6148 47.9682 52.2928 52.1386 49.8233 43.7116 40.8372 39.9000 38.4959 37.2416 39.9513 36.5090 30.3989 25.6963 23.7075 36.4023 32.5105 35.4227 32.2749 29.6201 22.9737 32.8671 30.3397 30.3448 25.3922 26.3664 20.0459 20.6480 18.7966 16.2708 16.4966 14.7806 19.2497 21.3079 21.6894 34.7188 35.9963 28.8812 29.5786 32.1641 36.7262 33.5491 30.8725 34.9210 41.2456 53.6507 72.9672 44.8853 43.2460 47.7269 41.7205 41.9667 42.6697 46.0382 45.4542 49.4348 50.5162 52.8115 38.7175 34.8734 29.3561 39.9800 25.7605
62.0587 57.0199 59.7999 51.6054 51.9336 51.4966 49.8250 51.3107 47.0541 44.8634 35.8624 42.1102 39.5113 37.8607 34.6235 29.5465 23.8658 23.0436 21.4850 22.2774 16.1908 10.4588 8.8680 9.3246 13.9932 6.2001 0.0000 5.1612 54.8238 56.0209 55.0566 53.9085 42.1750 46.6234 47.6959 51.9309 51.6547 49.0511 42.6904 39.9341 38.8039 37.4839 36.2315 39.9400 36.6841 30.3486 25.5237 23.6699 35.3655 31.3491 33.2458 30.5386 27.7367 20.7092 30.5173 26.7857 26.7868 22.2260 21.8054 15.9598 15.3522 13.5387 10.8018 10.3667 9.6825 13.0610 15.1123 15.4945 30.8006 31.4651 23.2819 23.8612 26.3585 30.8066 27.5327 24.7190 28.7667 35.1226 50.3255 68.6328 39.7880 37.9720 42.4182 35.8693 35.9856 36.6848 40.0954 39.3592 43.4039 44.5496 47.1358 32.5806 28.9244 23.6980 34.6446 21.4536
66.4766 60.6735 63.2264 54.8725 55.0410 54.5311 52.7855 54.2025 49.7328 47.2791 39.4148 44.3439 41.4571 39.9675 36.7068 30.9872 23.9596 22.6068 21.1600 22.1615 16.5091 9.9781 11.4888 13.0776 17.9937 5.9615 5.1612 0.0000 59.0414 60.4265 59.5110 58.4402 46.3812 51.1004 52.2822 56.5572 56.3232 53.8099 47.5123 44.7148 43.6386 42.2909 41.0344 44.4083 41.0663 34.7959 29.9904 28.0690 40.1738 36.1798 38.3115 35.5121 32.7328 25.7497 35.6043 31.9437 31.9446 27.3797 26.8312 21.1008 20.1307 18.3708 15.5652 14.1620 9.5851 15.8262 17.9079 18.2656 35.9253 36.4596 27.7123 28.1536 30.5074 34.7286 31.2785 28.0232 32.0182 38.4696 55.4837 73.6293 44.5072 42.5823 46.9867 39.8749 39.7451 40.4315 43.9125 42.7859 47.0032 48.2964 51.3364 34.5714 30.2062 24.2931 34.5204 19.9023
8.4987 10.0054 14.3528 15.3208 17.3947 18.3523 19.4082 20.1462 23.0421 26.1704 21.3496 28.4807 31.6031 30.7549 32.1281 38.2669 46.9625 49.5144 49.2658 48.2290 48.4715 52.7263 47.9661 45.9673 41.0477 54.1755 54.8238 59.0414 0.0000 4.0313 4.8498 6.5537 12.6615 9.4580 10.1065 9.0079 10.0555 12.9284 17.2928 18.3829 20.0112 20.5526 21.4564 15.4095 18.2683 24.6272 29.4087 31.1808 22.1996 25.7035 28.3447 28.1314 30.5605 36.6348 30.5767 37.9299 37.9497 38.2418 44.5793 44.3970 49.5924 49.6549 51.0499 55.4981 62.8538 59.2425 59.7797 59.9890 39.0978 43.5170 52.0001 53.3197 54.9795 58.1831 58.6180 60.6761 62.6020 64.8134 35.1283 55.3068 50.4503 51.9315 53.9959 59.1435 61.6457 62.0715 62.9273 66.2925 66.8316 65.9184 61.6876 71.9769 72.7612 71.4459 82.2571 74.3092
6.0519 13.8085 17.9944 19.3408 21.4203 22.3720 23.3914 24.1628 26.9353 29.9795 23.9904 32.1635 35.1659 34.2053 35.3751 41.2737 49.6971 52.2036 51.8614 50.8707 50.7165 54.6266 49.5893 47.4076 42.4822 55.7957 56.0209 60.4265 4.0313 0.0000 1.4182 3.4641 14.3981 9.4756 9.0926 6.3700 7.3554 10.6617 16.1283 17.8036 19.3830 20.1845 21.2393 16.0983 19.3607 25.6724 30.4972 32.3740 22.0533 25.8422 27.6284 27.9631 30.5715 37.0365 30.0771 37.3655 37.3841 38.2202 44.2566 44.6640 49.7112 49.9233 51.5089 55.9597 63.6770 59.5820 59.9819 60.1691 38.0481 42.3278 51.4728 52.7572 54.2495 57.1904 57.8752 60.1941 61.8846 63.7146 32.2240 51.7881 48.6305 50.2761 52.0594 57.8102 60.3784 60.7682 61.4124 64.9489 65.2280 64.2025 59.6492 71.3733 72.4913 71.5428 82.1550 74.9219
7.0356 14.8247 19.1006 19.9500 22.0484 22.9731 23.8978 24.7492 27.3010 30.2475 23.5918 32.3150 35.2206 34.1858 35.2306 40.9904 49.2730 51.7565 51.3744 50.4045 50.0915 53.8753 48.7544 46.5203 41.6001 54.9536 55.0566 59.5110 4.8498 1.4182 0.0000 2.0529 13.7527 8.4371 7.8286 4.9520 5.9412 9.2443 14.7806 16.5348 18.0995 18.9418 20.0199 15.1172 18.4600 24.7232 29.5431 31.4433 20.8441 24.6766 26.3115 26.7329 29.3692 35.9020 28.7878 36.0581 36.0765 37.0000 42.9796 43.4921 48.5062 48.7470 50.3706 54.8188 62.6126 58.4137 58.7863 58.9692 36.6813 40.9460 50.1615 51.4405 52.9108 55.8222 56.5337 58.8854 60.5450 62.3353 30.8652 50.5956 47.2138 48.8640 50.6412 56.4138 58.9862 59.3734 60.0051 63.5509 63.8166 62.7874 58.2314 70.0454 71.2098 70.3229 80.8977 73.8040
8.5208 16.5504 20.9039 21.1858 23.2967 24.1836 24.9852 25.9340 28.1917 30.9972 23.4206 32.8990 35.6611 34.5245 35.3869 40.9288 48.9864 51.4317 50.9893 50.0524 49.4949 53.0752 47.8252 45.5081 40.6031 54.0062 53.9085 58.4402 6.5537 3.4641 2.0529 0.0000 13.2958 7.4025 6.3014 2.9200 3.8915 7.2266 12.9735 14.9000 16.4268 17.3515 18.4729 14.0579 17.5127 23.6551 28.4500 30.3852 19.3144 23.2190 24.5504 25.1467 27.8316 34.4795 27.0810 34.3077 34.3257 35.4187 41.2851 41.9939 46.9441 47.2370 48.9275 53.3682 61.2907 56.9127 57.2364 57.4114 34.8035 39.0317 48.3961 49.6640 51.0890 53.9363 54.7054 57.1231 58.7198 60.4232 28.8432 48.7555 45.1943 46.8640 48.6092 54.4604 57.0434 57.4238 58.0208 61.5926 61.8187 60.7756 56.1903 68.2425 69.4973 68.7248 79.2289 72.3856
20.3897 16.8562 20.8928 15.7323 17.4774 17.9054 17.6590 19.1759 19.1446 20.9017 10.3085 21.8733 23.9361 22.4660 22.7689 27.8384 35.6990 38.1369 37.6968 36.7566 36.3414 40.2553 35.3471 33.3089 28.3876 41.5591 42.1750 46.3812 12.6615 14.3981 13.7527 13.2958 0.0000 6.4393 8.7682 12.6372 13.0156 12.7016 11.3152 10.1862 11.4966 11.1752 11.5054 4.5681 5.9774 12.1576 16.8533 18.5665 11.9540 14.4746 18.8067 17.3508 19.3004 24.6184 20.3522 27.4899 27.5116 26.7915 33.4973 32.4414 37.7686 37.6482 38.8327 43.2558 50.3290 47.1004 47.7813 48.0145 29.7124 34.3034 41.1541 42.5183 44.4715 48.1662 48.0833 49.6416 51.9702 54.9335 32.1205 54.4090 42.7187 43.6835 46.5106 49.8929 52.1946 52.6995 54.0665 56.9549 58.1395 57.5424 54.3297 61.0540 61.3009 59.5135 70.5261 61.8940
15.4616 17.2617 21.7378 18.9900 21.0101 21.6813 21.9299 23.2304 24.2517 26.4860 16.7427 27.8274 30.1380 28.7572 29.1831 34.2570 41.9531 44.3480 43.8407 42.9406 42.1739 45.6765 40.4292 38.1368 33.2248 46.6148 46.6234 51.1004 9.4580 9.4756 8.4371 7.4025 6.4393 0.0000 2.4613 6.2427 6.5765 6.6832 8.2268 8.9433 10.5726 11.0983 12.0311 6.6922 10.1119 16.3047 21.1183 23.0322 12.7981 16.4508 18.8973 18.7399 21.2498 27.5875 21.1215 28.4737 28.4935 28.9287 35.1646 35.2577 40.3647 40.5207 42.0583 46.5106 54.2032 50.1635 50.6086 50.8044 29.7062 34.1668 42.5516 43.8679 45.5218 48.7545 49.1605 51.2365 53.1440 55.4062 28.0788 49.7263 41.4890 42.8273 45.1301 49.8276 52.2980 52.7383 53.7014 56.9722 57.6546 56.8225 52.8959 62.5246 63.3757 62.2183 72.9362 65.4548
14.7756 18.8317 23.3408 21.1829 23.2322 23.9394 24.2620 25.5240 26.6759 28.9417 19.0184 30.2867 32.5756 31.1746 31.5370 36.4800 43.9958 46.3542 45.7985 44.9283 43.9399 47.2132 41.8159 39.4154 34.5340 47.9682 47.6959 52.2822 10.1065 9.0926 7.8286 6.3014 8.7682 2.4613 0.0000 4.3484 4.4143 4.2505 7.2130 8.7121 10.2914 11.1139 12.2035 8.1177 11.6640 17.5694 22.3167 24.2798 13.0360 16.9199 18.5630 18.9074 21.5607 28.1784 20.9858 28.2842 28.3030 29.1772 35.1644 35.7085 40.6907 40.9567 42.6292 47.0713 54.9978 50.6297 50.9764 51.1561 29.1247 33.4896 42.3933 43.6833 45.2134 48.2551 48.8446 51.1113 52.8485 54.8370 26.0725 47.4826 40.3600 41.8251 43.9296 49.0803 51.6029 52.0179 52.8298 56.2291 56.7268 55.8130 51.6473 62.3128 63.3988 62.4983 73.0719 66.0852
11.1836 18.8372 23.2787 22.7282 24.8357 25.6607 26.2786 27.3596 29.1763 31.7584 22.9429 33.4094 35.9491 34.6735 35.2704 40.4754 48.1881 50.5737 50.0485 49.1599 48.2658 51.5609 46.1483 43.7254 38.8538 52.2928 51.9309 56.5572 9.0079 6.3700 4.9520 2.9200 12.6372 6.2427 4.3484 0.0000 1.0481 4.3080 10.2724 12.4232 13.8827 14.9140 16.0860 12.4644 16.0078 21.8959 26.6211 28.5935 16.9449 20.9220 21.8588 22.6705 25.4085 32.1850 24.4486 31.6133 31.6309 32.9220 38.6469 39.5889 44.4553 44.8109 46.5815 51.0082 59.0827 54.4882 54.7533 54.9189 31.9758 36.1700 45.6750 46.9305 48.3089 51.0956 51.9179 54.4014 55.9343 57.5597 26.1376 46.4737 42.2743 43.9473 45.6918 51.5672 54.1572 54.5331 55.1100 58.6960 58.9024 57.8560 53.2795 65.4767 66.8246 66.1795 76.6008 70.0507
11.9285 19.8702 24.3175 23.6476 25.7517 26.5633 27.1418 28.2496 29.9639 32.4860 23.3184 34.0669 36.5396 35.2240 35.7374 40.8239 48.4065 50.7680 50.2122 49.3425 48.3190 51.4940 46.0148 43.5465 38.6949 52.1386 51.6547 56.3232 10.0555 7.3554 5.9412 3.8915 13.0156 6.5765 4.4143 1.0481 0.0000 3.4171 9.6452 11.9504 13.3544 14.4515 15.6496 12.4720 16.0234 21.7668 26.4455 28.4311 16.5152 20.5207 21.1985 22.1573 24.9227 31.7631 23.8282 30.9398 30.9571 32.3812 38.0093 39.0972 43.9108 44.3034 46.1187 50.5352 58.6880 53.9771 54.2076 54.3676 31.1887 35.3448 44.9742 46.2197 47.5599 50.2899 51.1616 53.6976 55.1789 56.7283 25.0904 45.4579 41.3309 43.0285 44.7299 50.6977 53.2975 53.6668 54.2076 57.8203 57.9843 56.9213 52.3020 64.7363 66.1539 65.5926 75.9590 69.5850
15.3272 22.3939 26.8940 25.3208 27.3883 28.1202 28.4877 29.7269 30.9251 33.1622 22.7376 34.4382 36.6282 35.1666 35.3676 40.0144 47.1466 49.4269 48.7791 47.9692 46.5654 49.4033 43.7636 41.1872 36.3992 49.8233 49.0511 53.8099 12.9284 10.6617 9.2443 7.2266 12.7016 6.6832 4.2505 4.3080 3.4171 0.0000 6.5255 9.1229 10.3749 11.6004 12.8405 10.9721 14.4253 19.6516 24.1651 26.1714 13.7103 17.7402 17.9362 19.1357 21.9418 28.8866 20.6172 27.6464 27.6632 29.2810 34.7557 36.0725 40.7902 41.2447 43.1379 47.5317 55.8260 50.9044 51.0781 51.2289 27.7911 31.9310 41.6428 42.8781 44.1848 46.8816 47.7807 50.3611 51.7982 53.3128 22.3286 43.3686 37.9705 39.6395 41.4002 47.2825 49.8809 50.2511 50.8061 54.4067 54.5948 53.5492 49.0060 61.3657 62.8498 62.3962 72.6871 66.5827
21.4409 25.4740 29.9340 26.4907 28.3959 28.9373 28.8652 30.3237 30.4524 32.0646 19.7124 32.7233 34.3325 32.6379 32.2717 36.0752 42.4104 44.5520 43.7744 43.0576 41.1291 43.5341 37.7362 35.0564 30.3557 43.7116 42.6904 47.5123 17.2928 16.1283 14.7806 12.9735 11.3152 8.2268 7.2130 10.2724 9.6452 6.5255 0.0000 2.9355 3.8925 5.2263 6.4840 7.5343 10.1500 14.0769 18.2493 20.2543 7.3399 11.3415 11.5893 12.6106 15.4207 22.3910 14.1854 21.3466 21.3644 22.7700 28.3769 29.5474 34.2899 34.7244 36.6130 41.0062 49.3226 44.3881 44.5832 44.7389 21.9393 26.2807 35.4248 36.6907 38.1312 41.0797 41.7533 44.1520 45.7650 47.6400 20.8072 43.1420 33.2824 34.6737 36.9085 41.8678 44.3904 44.8049 45.6353 49.0168 49.5494 48.6688 44.6700 55.2740 56.5540 55.9482 66.3304 60.0574
23.4201 25.7226 30.0862 25.8403 27.6391 28.0880 27.8269 29.3577 29.0346 30.3774 17.4655 30.7934 32.1798 30.4164 29.8642 33.4061 39.5573 41.6752 40.8802 40.1765 38.1972 40.6133 34.8392 32.1851 27.4593 40.8372 39.9341 44.7148 18.3829 17.8036 16.5348 14.9000 10.1862 8.9433 8.7121 12.4232 11.9504 9.1229 2.9355 0.0000 1.6294 2.5019 3.7219 5.8101 7.7011 11.1522 15.3236 17.3303 4.5921 8.6211 9.9623 10.2564 12.9857 19.8214 12.2873 19.6121 19.6313 20.5236 26.4530 27.1660 32.0539 32.3885 34.1709 38.5917 46.7575 42.0661 42.3499 42.5208 20.7767 25.2633 33.7175 35.0183 36.6140 39.8112 40.2511 42.4271 44.2433 46.4656 22.3536 44.9152 32.9581 34.1393 36.6850 40.9384 43.3862 43.8358 44.8803 48.0767 48.8708 48.1120 44.4948 53.6648 54.6882 53.8249 64.3631 57.6389
24.9464 27.2940 31.6384 27.2129 28.9740 29.3908 29.0612 30.6158 30.1015 31.2999 18.0654 31.5665 32.7899 30.9764 30.2602 33.4941 39.3120 41.3657 40.5181 39.8563 37.6446 39.8268 33.9647 31.2441 26.5879 39.9000 38.8039 43.6386 20.0112 19.3830 18.0995 16.4268 11.4966 10.5726 10.2914 13.8827 13.3544 10.3749 3.8925 1.6294 0.0000 1.4663 2.6780 6.9903 8.2777 10.7496 14.6022 16.5908 3.4986 7.4595 8.3356 8.8031 11.5823 18.5133 10.6944 18.0042 18.0232 19.0396 24.8801 25.7461 30.5728 30.9490 32.7854 37.1924 45.4514 40.6230 40.8708 41.0362 19.1523 23.6460 32.1123 33.4093 34.9918 38.1819 38.6284 40.8259 42.6222 44.8372 21.5591 44.1889 31.4331 32.5749 35.1778 39.3232 41.7653 42.2171 43.2810 46.4596 47.2797 46.5378 42.9928 52.0518 53.1113 52.3105 62.8084 56.2445
25.8661 27.4062 31.6847 26.8970 28.5963 28.9657 28.5449 30.1273 29.3914 30.4493 16.9994 30.5921 31.6986 29.8553 29.0457 32.1414 37.8699 39.9138 39.0601 38.4032 36.1785 38.3842 32.5413 29.8399 25.1622 38.4959 37.4839 42.2909 20.5526 20.1845 18.9418 17.3515 11.1752 11.0983 11.1139 14.9140 14.4515 11.6004 5.2263 2.5019 1.4663 0.0000 1.2577 6.6071 7.2909 9.2981 13.1440 15.1357 2.1185 6.1429 7.9228 7.7970 10.4970 17.3202 10.0241 17.3775 17.3974 18.0694 24.1056 24.6765 29.5926 29.9050 31.6725 36.0956 44.2575 39.5829 39.8852 40.0599 18.8742 23.4228 31.4543 32.7696 34.4402 37.7669 38.0792 40.1445 42.0561 44.4640 22.6191 45.2681 31.5544 32.5801 35.3385 39.0950 41.4912 41.9615 43.1398 46.2128 47.1727 46.4968 43.1579 51.4262 52.3376 51.3862 61.9715 55.1412
26.9757 28.0008 32.2223 27.1486 28.7904 29.1171 28.6144 30.2193 29.2742 30.1872 16.5317 30.1961 31.1664 29.2894 28.3621 31.2544 36.8068 38.8221 37.9477 37.3079 35.0006 37.1489 31.2932 28.5855 23.9151 37.2416 36.2315 41.0344 21.4564 21.2393 20.0199 18.4729 11.5054 12.0311 12.2035 16.0860 15.6496 12.8405 6.4840 3.7219 2.6780 1.2577 0.0000 6.9791 7.0264 8.2322 11.9324 13.9170 0.8702 4.9000 7.3248 6.7287 9.3593 16.1135 9.1833 16.5240 16.5444 16.9819 23.1336 23.5254 28.4878 28.7647 30.4963 34.9260 43.0433 38.4412 38.7729 38.9527 18.2797 22.8566 30.5523 31.8789 33.6097 37.0322 37.2473 39.2201 41.2096 43.7550 23.2065 45.8502 31.2509 32.1788 35.0625 38.5001 40.8590 41.3431 42.6094 45.5980 46.6662 46.0434 42.8771 50.5343 51.3481 50.3055 60.9404 53.9653
22.1230 21.0938 25.2662 20.2944 22.0148 22.4116 22.0721 23.6256 23.2267 24.6353 12.2722 25.1989 26.8135 25.1448 24.9166 29.1521 36.1792 38.4747 37.8552 37.0250 35.8482 39.1091 33.7763 31.4526 26.5454 39.9513 39.9400 44.4083 15.4095 16.0983 15.1172 14.0579 4.5681 6.6922 8.1177 12.4644 12.4720 10.9721 7.5343 5.8101 6.9903 6.6071 6.9791 0.0000 3.5514 9.6125 14.4275 16.3407 7.4903 10.4412 14.3018 13.1363 15.3282 21.2254 15.9905 23.2356 23.2568 22.9659 29.5041 28.9936 34.2167 34.2489 35.6510 40.1015 47.6175 43.8334 44.3779 44.5906 25.2447 29.8276 37.0849 38.4356 40.2948 43.8662 43.9221 45.6635 47.8468 50.6146 28.0923 50.5784 38.1539 39.1389 41.9434 45.4549 47.7910 48.2839 49.5849 52.5398 53.6446 53.0195 49.7626 57.0462 57.5387 56.0590 66.9307 58.9649
25.4103 22.7420 26.6458 20.6865 22.1798 22.4170 21.7770 23.4107 22.2608 23.1799 9.7977 23.3100 24.5253 22.7348 22.1737 25.9780 32.7383 35.0034 34.3567 33.5441 32.2980 35.5897 30.3194 28.0607 23.1401 36.5090 36.6841 41.0663 18.2683 19.3607 18.4600 17.5127 5.9774 10.1119 11.6640 16.0078 16.0234 14.4253 10.1500 7.7011 8.2777 7.2909 7.0264 3.5514 0.0000 6.3662 11.1759 13.0192 7.1366 8.7522 13.8192 11.7550 13.4619 18.6458 14.9307 21.8360 21.8580 20.8562 27.6144 26.4681 31.7914 31.6818 32.9085 37.3418 44.5857 41.1607 41.8176 42.0482 24.4407 29.0280 35.3005 36.6710 38.6896 42.5056 42.2840 43.7341 46.1394 49.2880 29.8355 52.4663 37.9292 38.6733 41.7741 44.4649 46.6894 47.2171 48.7474 51.4651 52.8568 52.3733 49.5649 55.1532 55.3328 53.5456 64.5491 56.0640
31.7127 28.4966 32.1305 25.3234 26.5039 26.5371 25.5311 27.2098 25.0036 25.0311 10.9779 24.2968 24.5468 22.5437 21.0957 23.2515 28.5782 30.6163 29.7741 29.1068 27.0610 29.7668 24.2539 21.8582 16.9662 30.3989 30.3486 34.7959 24.6272 25.6724 24.7232 23.6551 12.1576 16.3047 17.5694 21.8959 21.7668 19.6516 14.0769 11.1522 10.7496 9.2981 8.2322 9.6125 6.3662 0.0000 4.8249 6.7304 7.6444 5.8218 11.9457 8.5517 8.9984 12.7095 11.8099 17.5597 17.5820 15.5004 22.4110 20.4891 25.8766 25.6276 26.7035 31.1147 38.2284 34.9882 35.7333 35.9787 21.0441 25.4700 30.1297 31.5117 33.7251 37.8440 37.2411 38.3078 40.9769 44.6168 30.7952 53.2924 35.1082 35.4397 38.9777 40.3257 42.3620 42.9361 44.7954 47.1371 48.9445 48.6821 46.6177 49.7167 49.5488 47.4770 58.5782 49.7442
36.5367 32.8186 36.2503 28.9832 29.9489 29.8538 28.6405 30.3095 27.4814 26.9148 13.5256 25.6101 25.1484 23.0815 21.0300 21.6997 25.5896 27.3892 26.3878 25.8610 23.1252 25.2923 19.6018 17.1050 12.2535 25.6963 25.5237 29.9904 29.4087 30.4972 29.5431 28.4500 16.8533 21.1183 22.3167 26.6211 26.4455 24.1651 18.2493 15.3236 14.6022 13.1440 11.9324 14.4275 11.1759 4.8249 0.0000 2.0096 11.1659 7.8388 13.1252 9.2952 8.1881 8.9837 11.9125 15.8061 15.8273 12.5365 19.3501 16.4361 21.8431 21.4021 22.2456 26.6059 33.4763 30.5480 31.4107 31.6747 19.9900 24.0670 26.9433 28.3179 30.7116 35.0917 34.1037 34.7495 37.6805 41.7879 32.8073 54.8904 34.1215 34.0808 37.9427 38.0542 39.8879 40.5004 42.6499 44.6181 46.7968 46.7375 45.3500 46.0822 45.5404 43.1429 54.3400 45.0644
38.4201 34.2338 37.5388 30.0542 30.9097 30.7534 29.4496 31.1040 28.0125 27.1912 14.3078 25.6558 24.9009 22.8320 20.5598 20.6180 23.9467 25.6622 24.6148 24.1333 21.2078 23.2839 17.6002 15.1358 10.2639 23.7075 23.6699 28.0690 31.1808 32.3740 31.4433 30.3852 18.5665 23.0322 24.2798 28.5935 28.4311 26.1714 20.2543 17.3303 16.5908 15.1357 13.9170 16.3407 13.0192 6.7304 2.0096 0.0000 13.1394 9.6880 14.6521 10.8323 9.3242 8.5232 13.1667 16.2306 16.2507 12.4305 19.0326 15.5029 20.8673 20.2818 20.9204 25.2157 31.8030 29.2080 30.1661 30.4441 20.6367 24.5139 26.4746 27.8353 30.3157 34.8131 33.6212 34.0184 37.0930 41.4428 34.3827 56.2986 34.6675 34.4698 38.4501 38.0050 39.7313 40.3607 42.6438 44.4230 46.7767 46.8130 45.7314 45.2718 44.4925 41.8645 53.1193 43.4725
27.8112 28.5712 32.7564 27.5109 29.1143 29.4130 28.8570 30.4752 29.3900 30.2007 16.4197 30.1131 30.9813 29.0805 28.0630 30.7877 36.1830 38.1711 37.2771 36.6539 34.2642 36.3431 30.4676 27.7463 23.0918 36.4023 35.3655 40.1738 22.1996 22.0533 20.8441 19.3144 11.9540 12.7981 13.0360 16.9449 16.5152 13.7103 7.3399 4.5921 3.4986 2.1185 0.8702 7.4903 7.1366 7.6444 11.1659 13.1394 0.0000 4.0300 6.8618 5.9418 8.5257 15.2484 8.5348 15.8464 15.8671 16.1685 22.3798 22.6798 27.6624 27.9232 29.6403 34.0722 42.1757 37.5983 37.9430 38.1252 17.7644 22.3526 29.8354 31.1681 32.9335 36.4124 36.5691 38.4880 40.5218 43.1487 23.4943 46.1171 30.9103 31.7730 34.7373 37.9665 40.3011 40.7936 42.1149 45.0495 46.1856 45.5970 42.5445 49.8186 50.5786 49.4897 60.1487 53.1088
31.6811 31.3290 35.3362 29.3885 30.8097 30.9831 30.1979 31.8594 30.1595 30.4962 16.4087 29.9635 30.3432 28.3500 26.9113 28.7874 33.3688 35.2139 34.2251 33.6867 30.8901 32.6164 26.6483 23.8614 19.2976 32.5105 31.3491 36.1798 25.7035 25.8422 24.6766 23.2190 14.4746 16.4508 16.9199 20.9220 20.5207 17.7402 11.3415 8.6211 7.4595 6.1429 4.9000 10.4412 8.7522 5.8218 7.8388 9.6880 4.0300 0.0000 6.1265 3.0647 4.8871 11.2680 6.3625 13.0841 13.1061 12.5461 19.0755 18.8219 23.9176 24.0819 25.7093 30.1523 38.1685 33.7406 34.1585 34.3536 15.8751 20.4280 26.6951 28.0549 29.9987 33.7585 33.6088 35.2361 37.4985 40.5392 25.2591 47.6265 29.7062 30.2387 33.5758 35.7474 37.9480 38.4810 40.0736 42.7258 44.1974 43.7804 41.2981 46.6310 47.1087 45.7742 56.5542 49.1673
33.0301 35.3016 39.5428 34.3614 35.9408 36.2146 35.5955 37.2297 35.8936 36.4299 22.3890 36.0201 36.4652 34.4752 33.0207 34.6505 38.5961 40.2625 39.1596 38.7352 35.3484 36.1936 29.9933 26.9793 22.9352 35.4227 33.2458 38.3115 28.3447 27.6284 26.3115 24.5504 18.8067 18.8973 18.5630 21.8588 21.1985 17.9362 11.5893 9.9623 8.3356 7.9228 7.3248 14.3018 13.8192 11.9457 13.1252 14.6521 6.8618 6.1265 0.0000 3.8319 5.8940 12.5701 2.8302 9.7582 9.7761 11.7211 16.8197 18.6803 23.0368 23.6663 25.8100 30.0812 38.8022 33.2303 33.2719 33.4047 10.9651 15.5342 23.8509 25.1295 26.6626 29.8692 30.2978 32.5764 34.2955 36.5505 19.7320 41.7877 24.1106 24.9166 27.9552 31.1900 33.5720 34.0464 35.2845 38.2993 39.3430 38.7372 35.7468 43.7501 44.9658 44.4817 54.7616 49.0443
33.6627 34.1733 38.2419 32.4245 33.8626 34.0430 33.2626 34.9240 33.1953 33.4651 19.3711 32.8372 33.0707 31.0538 29.4577 30.8702 34.7789 36.4693 35.3847 34.9411 31.6740 32.7935 26.6584 23.7165 19.4636 32.2749 30.5386 35.5121 28.1314 27.9631 26.7329 25.1467 17.3508 18.7399 18.9074 22.6705 22.1573 19.1357 12.6106 10.2564 8.8031 7.7970 6.7287 13.1363 11.7550 8.5517 9.2952 10.8323 5.9418 3.0647 3.8319 0.0000 2.8409 9.9100 3.3179 10.1391 10.1608 10.2725 16.4532 16.9454 21.7987 22.1465 24.0024 28.3983 36.7582 31.8216 32.0938 32.2660 12.8115 17.3635 23.9654 25.3101 27.1621 30.8179 30.7873 32.5854 34.7109 37.5898 23.5519 45.6043 26.6868 27.1829 30.5579 32.7129 34.9363 35.4624 37.0211 39.7111 41.1418 40.7167 38.2631 43.9416 44.6379 43.5908 54.2123 47.4505
